-5 0.0598427
-4.99 0.0585461
-4.98 0.0572748
-4.97 0.0560285
-4.96 0.0548073
-4.95 0.0536109
-4.94 0.0524391
-4.93 0.051292
-4.92 0.0501693
-4.91 0.0490709
-4.9 0.0479967
-4.89 0.0469465
-4.88 0.0459202
-4.87 0.0449177
-4.86 0.0439388
-4.85 0.0429835
-4.84 0.0420515
-4.83 0.0411427
-4.82 0.040257
-4.81 0.0393943
-4.8 0.0385545
-4.79 0.0377374
-4.78 0.0369428
-4.77 0.0361707
-4.76 0.0354209
-4.75 0.0346933
-4.74 0.0339878
-4.73 0.0333042
-4.72 0.0326424
-4.71 0.0320022
-4.7 0.0313836
-4.69 0.0307864
-4.68 0.0302105
-4.67 0.0296558
-4.66 0.0291221
-4.65 0.0286093
-4.64 0.0281172
-4.63 0.0276458
-4.62 0.0271949
-4.61 0.0267645
-4.6 0.0263543
-4.59 0.0259642
-4.58 0.0255941
-4.57 0.025244
-4.56 0.0249136
-4.55 0.0246028
-4.54 0.0243116
-4.53 0.0240398
-4.52 0.0237872
-4.51 0.0235538
-4.5 0.0233394
-4.49 0.0231439
-4.48 0.0229672
-4.47 0.0228091
-4.46 0.0226695
-4.45 0.0225484
-4.44 0.0224456
-4.43 0.0223609
-4.42 0.0222943
-4.41 0.0222456
-4.4 0.0222147
-4.39 0.0222014
-4.38 0.0222058
-4.37 0.0222276
-4.36 0.0222667
-4.35 0.022323
-4.34 0.0223964
-4.33 0.0224868
-4.32 0.022594
-4.31 0.0227179
-4.3 0.0228585
-4.29 0.0230155
-4.28 0.023189
-4.27 0.0233787
-4.26 0.0235845
-4.25 0.0238063
-4.24 0.0240441
-4.23 0.0242977
-4.22 0.0245669
-4.21 0.0248517
-4.2 0.025152
-4.19 0.0254676
-4.18 0.0257984
-4.17 0.0261443
-4.16 0.0265052
-4.15 0.026881
-4.14 0.0272715
-4.13 0.0276767
-4.12 0.0280965
-4.11 0.0285306
-4.1 0.0289791
-4.09 0.0294418
-4.08 0.0299185
-4.07 0.0304092
-4.06 0.0309138
-4.05 0.0314322
-4.04 0.0319642
-4.03 0.0325097
-4.02 0.0330686
-4.01 0.0336409
-4 0.0342263
-3.99 0.0348249
-3.98 0.0354364
-3.97 0.0360608
-3.96 0.036698
-3.95 0.0373479
-3.94 0.0380102
-3.93 0.0386851
-3.92 0.0393722
-3.91 0.0400716
-3.9 0.0407831
-3.89 0.0415066
-3.88 0.0422421
-3.87 0.0429893
-3.86 0.0437482
-3.85 0.0445187
-3.84 0.0453007
-3.83 0.0460941
-3.82 0.0468988
-3.81 0.0477146
-3.8 0.0485415
-3.79 0.0493793
-3.78 0.050228
-3.77 0.0510875
-3.76 0.0519576
-3.75 0.0528383
-3.74 0.0537294
-3.73 0.0546308
-3.72 0.0555425
-3.71 0.0564643
-3.7 0.0573962
-3.69 0.058338
-3.68 0.0592897
-3.67 0.060251
-3.66 0.061222
-3.65 0.0622026
-3.64 0.0631926
-3.63 0.0641919
-3.62 0.0652004
-3.61 0.0662181
-3.6 0.0672449
-3.59 0.0682805
-3.58 0.069325
-3.57 0.0703783
-3.56 0.0714402
-3.55 0.0725106
-3.54 0.0735895
-3.53 0.0746768
-3.52 0.0757723
-3.51 0.076876
-3.5 0.0779877
-3.49 0.0791074
-3.48 0.080235
-3.47 0.0813703
-3.46 0.0825134
-3.45 0.083664
-3.44 0.0848221
-3.43 0.0859877
-3.42 0.0871605
-3.41 0.0883405
-3.4 0.0895277
-3.39 0.0907219
-3.38 0.091923
-3.37 0.093131
-3.36 0.0943457
-3.35 0.0955671
-3.34 0.096795
-3.33 0.0980294
-3.32 0.0992702
-3.31 0.100517
-3.3 0.101771
-3.29 0.10303
-3.28 0.104295
-3.27 0.105567
-3.26 0.106844
-3.25 0.108127
-3.24 0.109416
-3.23 0.11071
-3.22 0.112009
-3.21 0.113315
-3.2 0.114625
-3.19 0.115941
-3.18 0.117261
-3.17 0.118587
-3.16 0.119918
-3.15 0.121254
-3.14 0.122594
-3.13 0.123939
-3.12 0.125289
-3.11 0.126643
-3.1 0.128002
-3.09 0.129365
-3.08 0.130732
-3.07 0.132104
-3.06 0.13348
-3.05 0.134859
-3.04 0.136243
-3.03 0.13763
-3.02 0.139022
-3.01 0.140417
-3 0.141815
-2.99 0.143217
-2.98 0.144623
-2.97 0.146032
-2.96 0.147444
-2.95 0.148859
-2.94 0.150278
-2.93 0.1517
-2.92 0.153124
-2.91 0.154552
-2.9 0.155982
-2.89 0.157415
-2.88 0.15885
-2.87 0.160288
-2.86 0.161729
-2.85 0.163172
-2.84 0.164618
-2.83 0.166065
-2.82 0.167515
-2.81 0.168967
-2.8 0.170421
-2.79 0.171877
-2.78 0.173334
-2.77 0.174794
-2.76 0.176255
-2.75 0.177718
-2.74 0.179183
-2.73 0.180649
-2.72 0.182116
-2.71 0.183585
-2.7 0.185055
-2.69 0.186526
-2.68 0.187998
-2.67 0.189471
-2.66 0.190946
-2.65 0.192421
-2.64 0.193897
-2.63 0.195374
-2.62 0.196851
-2.61 0.198329
-2.6 0.199808
-2.59 0.201287
-2.58 0.202767
-2.57 0.204246
-2.56 0.205726
-2.55 0.207207
-2.54 0.208687
-2.53 0.210168
-2.52 0.211648
-2.51 0.213128
-2.5 0.214608
-2.49 0.216088
-2.48 0.217568
-2.47 0.219047
-2.46 0.220526
-2.45 0.222004
-2.44 0.223482
-2.43 0.224959
-2.42 0.226436
-2.41 0.227912
-2.4 0.229386
-2.39 0.23086
-2.38 0.232333
-2.37 0.233805
-2.36 0.235276
-2.35 0.236746
-2.34 0.238214
-2.33 0.239682
-2.32 0.241147
-2.31 0.242612
-2.3 0.244075
-2.29 0.245536
-2.28 0.246996
-2.27 0.248454
-2.26 0.249911
-2.25 0.251365
-2.24 0.252818
-2.23 0.254269
-2.22 0.255718
-2.21 0.257165
-2.2 0.25861
-2.19 0.260052
-2.18 0.261493
-2.17 0.262931
-2.16 0.264367
-2.15 0.2658
-2.14 0.267231
-2.13 0.268659
-2.12 0.270085
-2.11 0.271509
-2.1 0.272929
-2.09 0.274347
-2.08 0.275762
-2.07 0.277174
-2.06 0.278583
-2.05 0.27999
-2.04 0.281393
-2.03 0.282793
-2.02 0.28419
-2.01 0.285584
-2 0.286975
-1.99 0.288362
-1.98 0.289746
-1.97 0.291127
-1.96 0.292504
-1.95 0.293877
-1.94 0.295247
-1.93 0.296614
-1.92 0.297976
-1.91 0.299335
-1.9 0.30069
-1.89 0.302042
-1.88 0.303389
-1.87 0.304733
-1.86 0.306072
-1.85 0.307408
-1.84 0.308739
-1.83 0.310067
-1.82 0.31139
-1.81 0.312708
-1.8 0.314023
-1.79 0.315333
-1.78 0.316639
-1.77 0.31794
-1.76 0.319237
-1.75 0.32053
-1.74 0.321817
-1.73 0.3231
-1.72 0.324379
-1.71 0.325653
-1.7 0.326922
-1.69 0.328186
-1.68 0.329445
-1.67 0.330699
-1.66 0.331949
-1.65 0.333193
-1.64 0.334433
-1.63 0.335667
-1.62 0.336896
-1.61 0.33812
-1.6 0.339339
-1.59 0.340552
-1.58 0.34176
-1.57 0.342963
-1.56 0.344161
-1.55 0.345353
-1.54 0.346539
-1.53 0.34772
-1.52 0.348895
-1.51 0.350065
-1.5 0.351229
-1.49 0.352388
-1.48 0.35354
-1.47 0.354687
-1.46 0.355828
-1.45 0.356964
-1.44 0.358093
-1.43 0.359216
-1.42 0.360334
-1.41 0.361445
-1.4 0.362551
-1.39 0.36365
-1.38 0.364743
-1.37 0.36583
-1.36 0.366911
-1.35 0.367985
-1.34 0.369054
-1.33 0.370116
-1.32 0.371171
-1.31 0.372221
-1.3 0.373263
-1.29 0.3743
-1.28 0.37533
-1.27 0.376353
-1.26 0.37737
-1.25 0.37838
-1.24 0.379383
-1.23 0.38038
-1.22 0.381371
-1.21 0.382354
-1.2 0.383331
-1.19 0.384301
-1.18 0.385264
-1.17 0.38622
-1.16 0.387169
-1.15 0.388111
-1.14 0.389047
-1.13 0.389975
-1.12 0.390897
-1.11 0.391811
-1.1 0.392718
-1.09 0.393618
-1.08 0.394511
-1.07 0.395397
-1.06 0.396276
-1.05 0.397147
-1.04 0.398011
-1.03 0.398868
-1.02 0.399718
-1.01 0.40056
-1 0.401395
-0.99 0.402222
-0.98 0.403042
-0.97 0.403855
-0.96 0.40466
-0.95 0.405457
-0.94 0.406247
-0.93 0.40703
-0.92 0.407804
-0.91 0.408572
-0.9 0.409331
-0.89 0.410083
-0.88 0.410828
-0.87 0.411564
-0.86 0.412293
-0.85 0.413014
-0.84 0.413727
-0.83 0.414433
-0.82 0.41513
-0.81 0.41582
-0.8 0.416502
-0.79 0.417176
-0.78 0.417842
-0.77 0.418501
-0.76 0.419151
-0.75 0.419793
-0.74 0.420427
-0.73 0.421054
-0.72 0.421672
-0.71 0.422282
-0.7 0.422884
-0.69 0.423478
-0.68 0.424064
-0.67 0.424642
-0.66 0.425211
-0.65 0.425773
-0.64 0.426326
-0.63 0.426871
-0.62 0.427408
-0.61 0.427936
-0.6 0.428457
-0.59 0.428969
-0.58 0.429472
-0.57 0.429968
-0.56 0.430455
-0.55 0.430934
-0.54 0.431404
-0.53 0.431866
-0.52 0.43232
-0.51 0.432765
-0.5 0.433202
-0.49 0.43363
-0.48 0.43405
-0.47 0.434462
-0.46 0.434865
-0.45 0.435259
-0.44 0.435645
-0.43 0.436023
-0.42 0.436392
-0.41 0.436753
-0.4 0.437105
-0.39 0.437448
-0.38 0.437783
-0.37 0.438109
-0.36 0.438427
-0.35 0.438736
-0.34 0.439037
-0.33 0.439329
-0.32 0.439612
-0.31 0.439887
-0.3 0.440153
-0.29 0.44041
-0.28 0.440659
-0.27 0.440899
-0.26 0.441131
-0.25 0.441354
-0.24 0.441568
-0.23 0.441773
-0.22 0.44197
-0.21 0.442158
-0.2 0.442337
-0.19 0.442508
-0.18 0.44267
-0.17 0.442823
-0.16 0.442967
-0.15 0.443103
-0.14 0.44323
-0.13 0.443348
-0.12 0.443458
-0.11 0.443558
-0.1 0.44365
-0.09 0.443734
-0.08 0.443808
-0.07 0.443874
-0.06 0.443931
-0.05 0.443979
-0.04 0.444019
-0.03 0.444049
-0.02 0.444071
-0.01 0.444084
-6.23078e-14 0.444089
0.01 0.444084
0.02 0.444071
0.03 0.444049
0.04 0.444019
0.05 0.443979
0.06 0.443931
0.07 0.443874
0.08 0.443808
0.09 0.443734
0.1 0.44365
0.11 0.443558
0.12 0.443458
0.13 0.443348
0.14 0.44323
0.15 0.443103
0.16 0.442967
0.17 0.442823
0.18 0.44267
0.19 0.442508
0.2 0.442337
0.21 0.442158
0.22 0.44197
0.23 0.441773
0.24 0.441568
0.25 0.441354
0.26 0.441131
0.27 0.440899
0.28 0.440659
0.29 0.44041
0.3 0.440153
0.31 0.439887
0.32 0.439612
0.33 0.439329
0.34 0.439037
0.35 0.438736
0.36 0.438427
0.37 0.438109
0.38 0.437783
0.39 0.437448
0.4 0.437105
0.41 0.436753
0.42 0.436392
0.43 0.436023
0.44 0.435645
0.45 0.435259
0.46 0.434865
0.47 0.434462
0.48 0.43405
0.49 0.43363
0.5 0.433202
0.51 0.432765
0.52 0.43232
0.53 0.431866
0.54 0.431404
0.55 0.430934
0.56 0.430455
0.57 0.429968
0.58 0.429472
0.59 0.428969
0.6 0.428457
0.61 0.427936
0.62 0.427408
0.63 0.426871
0.64 0.426326
0.65 0.425773
0.66 0.425211
0.67 0.424642
0.68 0.424064
0.69 0.423478
0.7 0.422884
0.71 0.422282
0.72 0.421672
0.73 0.421054
0.74 0.420427
0.75 0.419793
0.76 0.419151
0.77 0.418501
0.78 0.417842
0.79 0.417176
0.8 0.416502
0.81 0.41582
0.82 0.41513
0.83 0.414433
0.84 0.413727
0.85 0.413014
0.86 0.412293
0.87 0.411564
0.88 0.410828
0.89 0.410083
0.9 0.409331
0.91 0.408572
0.92 0.407804
0.93 0.40703
0.94 0.406247
0.95 0.405457
0.96 0.40466
0.97 0.403855
0.98 0.403042
0.99 0.402222
1 0.401395
1.01 0.40056
1.02 0.399718
1.03 0.398868
1.04 0.398011
1.05 0.397147
1.06 0.396276
1.07 0.395397
1.08 0.394511
1.09 0.393618
1.1 0.392718
1.11 0.391811
1.12 0.390897
1.13 0.389975
1.14 0.389047
1.15 0.388111
1.16 0.387169
1.17 0.38622
1.18 0.385264
1.19 0.384301
1.2 0.383331
1.21 0.382354
1.22 0.381371
1.23 0.38038
1.24 0.379383
1.25 0.37838
1.26 0.37737
1.27 0.376353
1.28 0.37533
1.29 0.3743
1.3 0.373263
1.31 0.372221
1.32 0.371171
1.33 0.370116
1.34 0.369054
1.35 0.367985
1.36 0.366911
1.37 0.36583
1.38 0.364743
1.39 0.36365
1.4 0.362551
1.41 0.361445
1.42 0.360334
1.43 0.359216
1.44 0.358093
1.45 0.356964
1.46 0.355828
1.47 0.354687
1.48 0.35354
1.49 0.352388
1.5 0.351229
1.51 0.350065
1.52 0.348895
1.53 0.34772
1.54 0.346539
1.55 0.345353
1.56 0.344161
1.57 0.342963
1.58 0.34176
1.59 0.340552
1.6 0.339339
1.61 0.33812
1.62 0.336896
1.63 0.335667
1.64 0.334433
1.65 0.333193
1.66 0.331949
1.67 0.330699
1.68 0.329445
1.69 0.328186
1.7 0.326922
1.71 0.325653
1.72 0.324379
1.73 0.3231
1.74 0.321817
1.75 0.32053
1.76 0.319237
1.77 0.31794
1.78 0.316639
1.79 0.315333
1.8 0.314023
1.81 0.312708
1.82 0.31139
1.83 0.310067
1.84 0.308739
1.85 0.307408
1.86 0.306072
1.87 0.304733
1.88 0.303389
1.89 0.302042
1.9 0.30069
1.91 0.299335
1.92 0.297976
1.93 0.296614
1.94 0.295247
1.95 0.293877
1.96 0.292504
1.97 0.291127
1.98 0.289746
1.99 0.288362
2 0.286975
2.01 0.285584
2.02 0.28419
2.03 0.282793
2.04 0.281393
2.05 0.27999
2.06 0.278583
2.07 0.277174
2.08 0.275762
2.09 0.274347
2.1 0.272929
2.11 0.271509
2.12 0.270085
2.13 0.268659
2.14 0.267231
2.15 0.2658
2.16 0.264367
2.17 0.262931
2.18 0.261493
2.19 0.260052
2.2 0.25861
2.21 0.257165
2.22 0.255718
2.23 0.254269
2.24 0.252818
2.25 0.251365
2.26 0.249911
2.27 0.248454
2.28 0.246996
2.29 0.245536
2.3 0.244075
2.31 0.242612
2.32 0.241147
2.33 0.239682
2.34 0.238214
2.35 0.236746
2.36 0.235276
2.37 0.233805
2.38 0.232333
2.39 0.23086
2.4 0.229386
2.41 0.227912
2.42 0.226436
2.43 0.224959
2.44 0.223482
2.45 0.222004
2.46 0.220526
2.47 0.219047
2.48 0.217568
2.49 0.216088
2.5 0.214608
2.51 0.213128
2.52 0.211648
2.53 0.210168
2.54 0.208687
2.55 0.207207
2.56 0.205726
2.57 0.204246
2.58 0.202767
2.59 0.201287
2.6 0.199808
2.61 0.198329
2.62 0.196851
2.63 0.195374
2.64 0.193897
2.65 0.192421
2.66 0.190946
2.67 0.189471
2.68 0.187998
2.69 0.186526
2.7 0.185055
2.71 0.183585
2.72 0.182116
2.73 0.180649
2.74 0.179183
2.75 0.177718
2.76 0.176255
2.77 0.174794
2.78 0.173334
2.79 0.171877
2.8 0.170421
2.81 0.168967
2.82 0.167515
2.83 0.166065
2.84 0.164618
2.85 0.163172
2.86 0.161729
2.87 0.160288
2.88 0.15885
2.89 0.157415
2.9 0.155982
2.91 0.154552
2.92 0.153124
2.93 0.1517
2.94 0.150278
2.95 0.148859
2.96 0.147444
2.97 0.146032
2.98 0.144623
2.99 0.143217
3 0.141815
3.01 0.140417
3.02 0.139022
3.03 0.13763
3.04 0.136243
3.05 0.134859
3.06 0.13348
3.07 0.132104
3.08 0.130732
3.09 0.129365
3.1 0.128002
3.11 0.126643
3.12 0.125289
3.13 0.123939
3.14 0.122594
3.15 0.121254
3.16 0.119918
3.17 0.118587
3.18 0.117261
3.19 0.115941
3.2 0.114625
3.21 0.113315
3.22 0.112009
3.23 0.11071
3.24 0.109416
3.25 0.108127
3.26 0.106844
3.27 0.105567
3.28 0.104295
3.29 0.10303
3.3 0.101771
3.31 0.100517
3.32 0.0992702
3.33 0.0980294
3.34 0.096795
3.35 0.0955671
3.36 0.0943457
3.37 0.093131
3.38 0.091923
3.39 0.0907219
3.4 0.0895277
3.41 0.0883405
3.42 0.0871605
3.43 0.0859877
3.44 0.0848221
3.45 0.083664
3.46 0.0825134
3.47 0.0813703
3.48 0.080235
3.49 0.0791074
3.5 0.0779877
3.51 0.076876
3.52 0.0757723
3.53 0.0746768
3.54 0.0735895
3.55 0.0725106
3.56 0.0714402
3.57 0.0703783
3.58 0.069325
3.59 0.0682805
3.6 0.0672449
3.61 0.0662181
3.62 0.0652004
3.63 0.0641919
3.64 0.0631926
3.65 0.0622026
3.66 0.061222
3.67 0.060251
3.68 0.0592897
3.69 0.058338
3.7 0.0573962
3.71 0.0564643
3.72 0.0555425
3.73 0.0546308
3.74 0.0537294
3.75 0.0528383
3.76 0.0519576
3.77 0.0510875
3.78 0.050228
3.79 0.0493793
3.8 0.0485415
3.81 0.0477146
3.82 0.0468988
3.83 0.0460941
3.84 0.0453007
3.85 0.0445187
3.86 0.0437482
3.87 0.0429893
3.88 0.0422421
3.89 0.0415066
3.9 0.0407831
3.91 0.0400716
3.92 0.0393722
3.93 0.0386851
3.94 0.0380102
3.95 0.0373479
3.96 0.036698
3.97 0.0360608
3.98 0.0354364
3.99 0.0348249
4 0.0342263
4.01 0.0336409
4.02 0.0330686
4.03 0.0325097
4.04 0.0319642
4.05 0.0314322
4.06 0.0309138
4.07 0.0304092
4.08 0.0299185
4.09 0.0294418
4.1 0.0289791
4.11 0.0285306
4.12 0.0280965
4.13 0.0276767
4.14 0.0272715
4.15 0.026881
4.16 0.0265052
4.17 0.0261443
4.18 0.0257984
4.19 0.0254676
4.2 0.025152
4.21 0.0248517
4.22 0.0245669
4.23 0.0242977
4.24 0.0240441
4.25 0.0238063
4.26 0.0235845
4.27 0.0233787
4.28 0.023189
4.29 0.0230155
4.3 0.0228585
4.31 0.0227179
4.32 0.022594
4.33 0.0224868
4.34 0.0223964
4.35 0.022323
4.36 0.0222667
4.37 0.0222276
4.38 0.0222058
4.39 0.0222014
4.4 0.0222147
4.41 0.0222456
4.42 0.0222943
4.43 0.0223609
4.44 0.0224456
4.45 0.0225484
4.46 0.0226695
4.47 0.0228091
4.48 0.0229672
4.49 0.0231439
4.5 0.0233394
4.51 0.0235538
4.52 0.0237872
4.53 0.0240398
4.54 0.0243116
4.55 0.0246028
4.56 0.0249136
4.57 0.025244
4.58 0.0255941
4.59 0.0259642
4.6 0.0263543
4.61 0.0267645
4.62 0.0271949
4.63 0.0276458
4.64 0.0281172
4.65 0.0286093
4.66 0.0291221
4.67 0.0296558
4.68 0.0302105
4.69 0.0307864
4.7 0.0313836
4.71 0.0320022
4.72 0.0326424
4.73 0.0333042
4.74 0.0339878
4.75 0.0346933
4.76 0.0354209
4.77 0.0361707
4.78 0.0369428
4.79 0.0377374
4.8 0.0385545
4.81 0.0393943
4.82 0.040257
4.83 0.0411427
4.84 0.0420515
4.85 0.0429835
4.86 0.0439388
4.87 0.0449177
4.88 0.0459202
4.89 0.0469465
4.9 0.0479967
4.91 0.0490709
4.92 0.0501693
4.93 0.051292
4.94 0.0524391
4.95 0.0536109
4.96 0.0548073
4.97 0.0560285
4.98 0.0572748
4.99 0.0585461
5 0.0598427


-5 -0.00532688
-4.99 0.0049388
-4.98 0.014431
-4.97 0.0231835
-4.96 0.031229
-4.95 0.0385992
-4.94 0.0453251
-4.93 0.0514365
-4.92 0.0569626
-4.91 0.0619315
-4.9 0.0663705
-4.89 0.0703061
-4.88 0.073764
-4.87 0.0767691
-4.86 0.0793454
-4.85 0.0815162
-4.84 0.0833042
-4.83 0.084731
-4.82 0.0858179
-4.81 0.0865852
-4.8 0.0870526
-4.79 0.0872391
-4.78 0.0871632
-4.77 0.0868426
-4.76 0.0862943
-4.75 0.0855349
-4.74 0.0845803
-4.73 0.0834457
-4.72 0.082146
-4.71 0.0806952
-4.7 0.079107
-4.69 0.0773945
-4.68 0.0755704
-4.67 0.0736465
-4.66 0.0716346
-4.65 0.0695457
-4.64 0.0673905
-4.63 0.0651791
-4.62 0.0629212
-4.61 0.0606262
-4.6 0.0583028
-4.59 0.0559596
-4.58 0.0536046
-4.57 0.0512454
-4.56 0.0488893
-4.55 0.0465433
-4.54 0.0442138
-4.53 0.0419071
-4.52 0.039629
-4.51 0.037385
-4.5 0.0351804
-4.49 0.0330201
-4.48 0.0309085
-4.47 0.0288501
-4.46 0.0268488
-4.45 0.0249084
-4.44 0.0230322
-4.43 0.0212236
-4.42 0.0194855
-4.41 0.0178206
-4.4 0.0162313
-4.39 0.01472
-4.38 0.0132885
-4.37 0.0119388
-4.36 0.0106725
-4.35 0.00949085
-4.34 0.00839519
-4.33 0.00738651
-4.32 0.00646566
-4.31 0.00563332
-4.3 0.00489
-4.29 0.00423605
-4.28 0.00367167
-4.27 0.00319691
-4.26 0.00281168
-4.25 0.00251575
-4.24 0.00230877
-4.23 0.00219025
-4.22 0.00215961
-4.21 0.00221611
-4.2 0.00235895
-4.19 0.00258719
-4.18 0.00289982
-4.17 0.00329571
-4.16 0.00377365
-4.15 0.00433237
-4.14 0.00497047
-4.13 0.00568652
-4.12 0.006479
-4.11 0.00734632
-4.1 0.00828684
-4.09 0.00929883
-4.08 0.0103806
-4.07 0.0115302
-4.06 0.0127458
-4.05 0.0140256
-4.04 0.0153676
-4.03 0.0167698
-4.02 0.0182302
-4.01 0.0197467
-4 0.0213173
-3.99 0.0229398
-3.98 0.0246121
-3.97 0.0263322
-3.96 0.0280977
-3.95 0.0299067
-3.94 0.0317568
-3.93 0.0336458
-3.92 0.0355717
-3.91 0.0375321
-3.9 0.039525
-3.89 0.041548
-3.88 0.043599
-3.87 0.0456758
-3.86 0.0477762
-3.85 0.0498981
-3.84 0.0520393
-3.83 0.0541976
-3.82 0.0563709
-3.81 0.0585571
-3.8 0.0607541
-3.79 0.0629598
-3.78 0.0651722
-3.77 0.0673892
-3.76 0.0696089
-3.75 0.0718292
-3.74 0.0740482
-3.73 0.0762639
-3.72 0.0784746
-3.71 0.0806782
-3.7 0.082873
-3.69 0.0850572
-3.68 0.0872291
-3.67 0.0893868
-3.66 0.0915286
-3.65 0.093653
-3.64 0.0957584
-3.63 0.097843
-3.62 0.0999054
-3.61 0.101944
-3.6 0.103958
-3.59 0.105944
-3.58 0.107903
-3.57 0.109833
-3.56 0.111732
-3.55 0.113599
-3.54 0.115433
-3.53 0.117232
-3.52 0.118996
-3.51 0.120724
-3.5 0.122414
-3.49 0.124066
-3.48 0.125678
-3.47 0.12725
-3.46 0.12878
-3.45 0.130269
-3.44 0.131714
-3.43 0.133116
-3.42 0.134474
-3.41 0.135786
-3.4 0.137054
-3.39 0.138275
-3.38 0.139449
-3.37 0.140577
-3.36 0.141657
-3.35 0.142689
-3.34 0.143674
-3.33 0.144609
-3.32 0.145496
-3.31 0.146334
-3.3 0.147123
-3.29 0.147863
-3.28 0.148554
-3.27 0.149195
-3.26 0.149787
-3.25 0.150329
-3.24 0.150823
-3.23 0.151267
-3.22 0.151663
-3.21 0.15201
-3.2 0.152308
-3.19 0.152558
-3.18 0.15276
-3.17 0.152915
-3.16 0.153023
-3.15 0.153084
-3.14 0.153098
-3.13 0.153067
-3.12 0.152991
-3.11 0.15287
-3.1 0.152705
-3.09 0.152496
-3.08 0.152245
-3.07 0.151951
-3.06 0.151616
-3.05 0.15124
-3.04 0.150825
-3.03 0.15037
-3.02 0.149877
-3.01 0.149347
-3 0.14878
-2.99 0.148177
-2.98 0.14754
-2.97 0.146868
-2.96 0.146165
-2.95 0.145429
-2.94 0.144662
-2.93 0.143866
-2.92 0.143041
-2.91 0.142189
-2.9 0.14131
-2.89 0.140405
-2.88 0.139477
-2.87 0.138525
-2.86 0.137552
-2.85 0.136558
-2.84 0.135544
-2.83 0.134512
-2.82 0.133463
-2.81 0.132398
-2.8 0.131319
-2.79 0.130226
-2.78 0.129121
-2.77 0.128006
-2.76 0.126881
-2.75 0.125748
-2.74 0.124608
-2.73 0.123462
-2.72 0.122313
-2.71 0.12116
-2.7 0.120006
-2.69 0.118852
-2.68 0.117699
-2.67 0.116548
-2.66 0.115401
-2.65 0.11426
-2.64 0.113125
-2.63 0.111997
-2.62 0.110879
-2.61 0.109772
-2.6 0.108677
-2.59 0.107595
-2.58 0.106527
-2.57 0.105475
-2.56 0.104441
-2.55 0.103425
-2.54 0.10243
-2.53 0.101455
-2.52 0.100503
-2.51 0.0995753
-2.5 0.0986724
-2.49 0.0977961
-2.48 0.0969474
-2.47 0.0961277
-2.46 0.0953384
-2.45 0.0945805
-2.44 0.0938554
-2.43 0.0931643
-2.42 0.0925084
-2.41 0.0918889
-2.4 0.0913071
-2.39 0.090764
-2.38 0.0902608
-2.37 0.0897987
-2.36 0.0893789
-2.35 0.0890024
-2.34 0.0886703
-2.33 0.0883838
-2.32 0.0881439
-2.31 0.0879517
-2.3 0.0878082
-2.29 0.0877143
-2.28 0.0876712
-2.27 0.0876799
-2.26 0.0877411
-2.25 0.087856
-2.24 0.0880254
-2.23 0.0882503
-2.22 0.0885315
-2.21 0.0888699
-2.2 0.0892663
-2.19 0.0897216
-2.18 0.0902366
-2.17 0.090812
-2.16 0.0914485
-2.15 0.0921471
-2.14 0.0929082
-2.13 0.0937327
-2.12 0.0946212
-2.11 0.0955744
-2.1 0.0965928
-2.09 0.0976771
-2.08 0.0988278
-2.07 0.100045
-2.06 0.101331
-2.05 0.102684
-2.04 0.104106
-2.03 0.105596
-2.02 0.107156
-2.01 0.108786
-2 0.110486
-1.99 0.112256
-1.98 0.114098
-1.97 0.11601
-1.96 0.117994
-1.95 0.120049
-1.94 0.122177
-1.93 0.124376
-1.92 0.126648
-1.91 0.128992
-1.9 0.131408
-1.89 0.133897
-1.88 0.136459
-1.87 0.139094
-1.86 0.141801
-1.85 0.144581
-1.84 0.147434
-1.83 0.150359
-1.82 0.153357
-1.81 0.156427
-1.8 0.15957
-1.79 0.162785
-1.78 0.166072
-1.77 0.16943
-1.76 0.17286
-1.75 0.176362
-1.74 0.179934
-1.73 0.183577
-1.72 0.18729
-1.71 0.191073
-1.7 0.194926
-1.69 0.198848
-1.68 0.202838
-1.67 0.206897
-1.66 0.211024
-1.65 0.215218
-1.64 0.219479
-1.63 0.223805
-1.62 0.228198
-1.61 0.232655
-1.6 0.237177
-1.59 0.241763
-1.58 0.246411
-1.57 0.251122
-1.56 0.255895
-1.55 0.260728
-1.54 0.265622
-1.53 0.270575
-1.52 0.275586
-1.51 0.280656
-1.5 0.285782
-1.49 0.290964
-1.48 0.296202
-1.47 0.301494
-1.46 0.306839
-1.45 0.312236
-1.44 0.317685
-1.43 0.323185
-1.42 0.328734
-1.41 0.334331
-1.4 0.339976
-1.39 0.345668
-1.38 0.351404
-1.37 0.357185
-1.36 0.363009
-1.35 0.368875
-1.34 0.374782
-1.33 0.380729
-1.32 0.386714
-1.31 0.392737
-1.3 0.398796
-1.29 0.40489
-1.28 0.411017
-1.27 0.417178
-1.26 0.42337
-1.25 0.429591
-1.24 0.435842
-1.23 0.44212
-1.22 0.448425
-1.21 0.454754
-1.2 0.461107
-1.19 0.467482
-1.18 0.473879
-1.17 0.480295
-1.16 0.486729
-1.15 0.49318
-1.14 0.499647
-1.13 0.506128
-1.12 0.512622
-1.11 0.519127
-1.1 0.525642
-1.09 0.532166
-1.08 0.538697
-1.07 0.545234
-1.06 0.551776
-1.05 0.55832
-1.04 0.564866
-1.03 0.571412
-1.02 0.577957
-1.01 0.584499
-1 0.591036
-0.99 0.597568
-0.98 0.604093
-0.97 0.61061
-0.96 0.617116
-0.95 0.623611
-0.94 0.630093
-0.93 0.636561
-0.92 0.643013
-0.91 0.649448
-0.9 0.655864
-0.89 0.662261
-0.88 0.668635
-0.87 0.674987
-0.86 0.681314
-0.85 0.687615
-0.84 0.69389
-0.83 0.700135
-0.82 0.70635
-0.81 0.712534
-0.8 0.718685
-0.79 0.724802
-0.78 0.730883
-0.77 0.736926
-0.76 0.742932
-0.75 0.748897
-0.74 0.754821
-0.73 0.760703
-0.72 0.76654
-0.71 0.772333
-0.7 0.778079
-0.69 0.783776
-0.68 0.789425
-0.67 0.795023
-0.66 0.800569
-0.65 0.806062
-0.64 0.811501
-0.63 0.816884
-0.62 0.82221
-0.61 0.827478
-0.6 0.832686
-0.59 0.837834
-0.58 0.84292
-0.57 0.847944
-0.56 0.852903
-0.55 0.857796
-0.54 0.862624
-0.53 0.867384
-0.52 0.872075
-0.51 0.876696
-0.5 0.881247
-0.49 0.885726
-0.48 0.890132
-0.47 0.894463
-0.46 0.89872
-0.45 0.902901
-0.44 0.907005
-0.43 0.911031
-0.42 0.914978
-0.41 0.918846
-0.4 0.922632
-0.39 0.926337
-0.38 0.92996
-0.37 0.933499
-0.36 0.936954
-0.35 0.940325
-0.34 0.943609
-0.33 0.946807
-0.32 0.949918
-0.31 0.952941
-0.3 0.955875
-0.29 0.958719
-0.28 0.961474
-0.27 0.964138
-0.26 0.96671
-0.25 0.969191
-0.24 0.971579
-0.23 0.973874
-0.22 0.976075
-0.21 0.978182
-0.2 0.980194
-0.19 0.982112
-0.18 0.983933
-0.17 0.985659
-0.16 0.987288
-0.15 0.988821
-0.14 0.990256
-0.13 0.991594
-0.12 0.992834
-0.11 0.993976
-0.1 0.995019
-0.09 0.995964
-0.08 0.99681
-0.07 0.997557
-0.06 0.998205
-0.05 0.998753
-0.04 0.999202
-0.03 0.999551
-0.02 0.9998
-0.01 0.99995
-6.23078e-14 1
0.01 0.99995
0.02 0.9998
0.03 0.999551
0.04 0.999202
0.05 0.998753
0.06 0.998205
0.07 0.997557
0.08 0.99681
0.09 0.995964
0.1 0.995019
0.11 0.993976
0.12 0.992834
0.13 0.991594
0.14 0.990256
0.15 0.988821
0.16 0.987288
0.17 0.985659
0.18 0.983933
0.19 0.982112
0.2 0.980194
0.21 0.978182
0.22 0.976075
0.23 0.973874
0.24 0.971579
0.25 0.969191
0.26 0.96671
0.27 0.964138
0.28 0.961474
0.29 0.958719
0.3 0.955875
0.31 0.952941
0.32 0.949918
0.33 0.946807
0.34 0.943609
0.35 0.940325
0.36 0.936954
0.37 0.933499
0.38 0.92996
0.39 0.926337
0.4 0.922632
0.41 0.918846
0.42 0.914978
0.43 0.911031
0.44 0.907005
0.45 0.902901
0.46 0.89872
0.47 0.894463
0.48 0.890132
0.49 0.885726
0.5 0.881247
0.51 0.876696
0.52 0.872075
0.53 0.867384
0.54 0.862624
0.55 0.857796
0.56 0.852903
0.57 0.847944
0.58 0.84292
0.59 0.837834
0.6 0.832686
0.61 0.827478
0.62 0.82221
0.63 0.816884
0.64 0.811501
0.65 0.806062
0.66 0.800569
0.67 0.795023
0.68 0.789425
0.69 0.783776
0.7 0.778079
0.71 0.772333
0.72 0.76654
0.73 0.760703
0.74 0.754821
0.75 0.748897
0.76 0.742932
0.77 0.736926
0.78 0.730883
0.79 0.724802
0.8 0.718685
0.81 0.712534
0.82 0.70635
0.83 0.700135
0.84 0.69389
0.85 0.687615
0.86 0.681314
0.87 0.674987
0.88 0.668635
0.89 0.662261
0.9 0.655864
0.91 0.649448
0.92 0.643013
0.93 0.636561
0.94 0.630093
0.95 0.623611
0.96 0.617116
0.97 0.61061
0.98 0.604093
0.99 0.597568
1 0.591036
1.01 0.584499
1.02 0.577957
1.03 0.571412
1.04 0.564866
1.05 0.55832
1.06 0.551776
1.07 0.545234
1.08 0.538697
1.09 0.532166
1.1 0.525642
1.11 0.519127
1.12 0.512622
1.13 0.506128
1.14 0.499647
1.15 0.49318
1.16 0.486729
1.17 0.480295
1.18 0.473879
1.19 0.467482
1.2 0.461107
1.21 0.454754
1.22 0.448425
1.23 0.44212
1.24 0.435842
1.25 0.429591
1.26 0.42337
1.27 0.417178
1.28 0.411017
1.29 0.40489
1.3 0.398796
1.31 0.392737
1.32 0.386714
1.33 0.380729
1.34 0.374782
1.35 0.368875
1.36 0.363009
1.37 0.357185
1.38 0.351404
1.39 0.345668
1.4 0.339976
1.41 0.334331
1.42 0.328734
1.43 0.323185
1.44 0.317685
1.45 0.312236
1.46 0.306839
1.47 0.301494
1.48 0.296202
1.49 0.290964
1.5 0.285782
1.51 0.280656
1.52 0.275586
1.53 0.270575
1.54 0.265622
1.55 0.260728
1.56 0.255895
1.57 0.251122
1.58 0.246411
1.59 0.241763
1.6 0.237177
1.61 0.232655
1.62 0.228198
1.63 0.223805
1.64 0.219479
1.65 0.215218
1.66 0.211024
1.67 0.206897
1.68 0.202838
1.69 0.198848
1.7 0.194926
1.71 0.191073
1.72 0.18729
1.73 0.183577
1.74 0.179934
1.75 0.176362
1.76 0.17286
1.77 0.16943
1.78 0.166072
1.79 0.162785
1.8 0.15957
1.81 0.156427
1.82 0.153357
1.83 0.150359
1.84 0.147434
1.85 0.144581
1.86 0.141801
1.87 0.139094
1.88 0.136459
1.89 0.133897
1.9 0.131408
1.91 0.128992
1.92 0.126648
1.93 0.124376
1.94 0.122177
1.95 0.120049
1.96 0.117994
1.97 0.11601
1.98 0.114098
1.99 0.112256
2 0.110486
2.01 0.108786
2.02 0.107156
2.03 0.105596
2.04 0.104106
2.05 0.102684
2.06 0.101331
2.07 0.100045
2.08 0.0988278
2.09 0.0976771
2.1 0.0965928
2.11 0.0955744
2.12 0.0946212
2.13 0.0937327
2.14 0.0929082
2.15 0.0921471
2.16 0.0914485
2.17 0.090812
2.18 0.0902366
2.19 0.0897216
2.2 0.0892663
2.21 0.0888699
2.22 0.0885315
2.23 0.0882503
2.24 0.0880254
2.25 0.087856
2.26 0.0877411
2.27 0.0876799
2.28 0.0876712
2.29 0.0877143
2.3 0.0878082
2.31 0.0879517
2.32 0.0881439
2.33 0.0883838
2.34 0.0886703
2.35 0.0890024
2.36 0.0893789
2.37 0.0897987
2.38 0.0902608
2.39 0.090764
2.4 0.0913071
2.41 0.0918889
2.42 0.0925084
2.43 0.0931643
2.44 0.0938554
2.45 0.0945805
2.46 0.0953384
2.47 0.0961277
2.48 0.0969474
2.49 0.0977961
2.5 0.0986724
2.51 0.0995753
2.52 0.100503
2.53 0.101455
2.54 0.10243
2.55 0.103425
2.56 0.104441
2.57 0.105475
2.58 0.106527
2.59 0.107595
2.6 0.108677
2.61 0.109772
2.62 0.110879
2.63 0.111997
2.64 0.113125
2.65 0.11426
2.66 0.115401
2.67 0.116548
2.68 0.117699
2.69 0.118852
2.7 0.120006
2.71 0.12116
2.72 0.122313
2.73 0.123462
2.74 0.124608
2.75 0.125748
2.76 0.126881
2.77 0.128006
2.78 0.129121
2.79 0.130226
2.8 0.131319
2.81 0.132398
2.82 0.133463
2.83 0.134512
2.84 0.135544
2.85 0.136558
2.86 0.137552
2.87 0.138525
2.88 0.139477
2.89 0.140405
2.9 0.14131
2.91 0.142189
2.92 0.143041
2.93 0.143866
2.94 0.144662
2.95 0.145429
2.96 0.146165
2.97 0.146868
2.98 0.14754
2.99 0.148177
3 0.14878
3.01 0.149347
3.02 0.149877
3.03 0.15037
3.04 0.150825
3.05 0.15124
3.06 0.151616
3.07 0.151951
3.08 0.152245
3.09 0.152496
3.1 0.152705
3.11 0.15287
3.12 0.152991
3.13 0.153067
3.14 0.153098
3.15 0.153084
3.16 0.153023
3.17 0.152915
3.18 0.15276
3.19 0.152558
3.2 0.152308
3.21 0.15201
3.22 0.151663
3.23 0.151267
3.24 0.150823
3.25 0.150329
3.26 0.149787
3.27 0.149195
3.28 0.148554
3.29 0.147863
3.3 0.147123
3.31 0.146334
3.32 0.145496
3.33 0.144609
3.34 0.143674
3.35 0.142689
3.36 0.141657
3.37 0.140577
3.38 0.139449
3.39 0.138275
3.4 0.137054
3.41 0.135786
3.42 0.134474
3.43 0.133116
3.44 0.131714
3.45 0.130269
3.46 0.12878
3.47 0.12725
3.48 0.125678
3.49 0.124066
3.5 0.122414
3.51 0.120724
3.52 0.118996
3.53 0.117232
3.54 0.115433
3.55 0.113599
3.56 0.111732
3.57 0.109833
3.58 0.107903
3.59 0.105944
3.6 0.103958
3.61 0.101944
3.62 0.0999054
3.63 0.097843
3.64 0.0957584
3.65 0.093653
3.66 0.0915286
3.67 0.0893868
3.68 0.0872291
3.69 0.0850572
3.7 0.082873
3.71 0.0806782
3.72 0.0784746
3.73 0.0762639
3.74 0.0740482
3.75 0.0718292
3.76 0.0696089
3.77 0.0673892
3.78 0.0651722
3.79 0.0629598
3.8 0.0607541
3.81 0.0585571
3.82 0.0563709
3.83 0.0541976
3.84 0.0520393
3.85 0.0498981
3.86 0.0477762
3.87 0.0456758
3.88 0.043599
3.89 0.041548
3.9 0.039525
3.91 0.0375321
3.92 0.0355717
3.93 0.0336458
3.94 0.0317568
3.95 0.0299067
3.96 0.0280977
3.97 0.0263322
3.98 0.0246121
3.99 0.0229398
4 0.0213173
4.01 0.0197467
4.02 0.0182302
4.03 0.0167698
4.04 0.0153676
4.05 0.0140256
4.06 0.0127458
4.07 0.0115302
4.08 0.0103806
4.09 0.00929883
4.1 0.00828684
4.11 0.00734632
4.12 0.006479
4.13 0.00568652
4.14 0.00497047
4.15 0.00433237
4.16 0.00377365
4.17 0.00329571
4.18 0.00289982
4.19 0.00258719
4.2 0.00235895
4.21 0.00221611
4.22 0.00215961
4.23 0.00219025
4.24 0.00230877
4.25 0.00251575
4.26 0.00281168
4.27 0.00319691
4.28 0.00367167
4.29 0.00423605
4.3 0.00489
4.31 0.00563332
4.32 0.00646566
4.33 0.00738651
4.34 0.00839519
4.35 0.00949085
4.36 0.0106725
4.37 0.0119388
4.38 0.0132885
4.39 0.01472
4.4 0.0162313
4.41 0.0178206
4.42 0.0194855
4.43 0.0212236
4.44 0.0230322
4.45 0.0249084
4.46 0.0268488
4.47 0.0288501
4.48 0.0309085
4.49 0.0330201
4.5 0.0351804
4.51 0.037385
4.52 0.039629
4.53 0.0419071
4.54 0.0442138
4.55 0.0465433
4.56 0.0488893
4.57 0.0512454
4.58 0.0536046
4.59 0.0559596
4.6 0.0583028
4.61 0.0606262
4.62 0.0629212
4.63 0.0651791
4.64 0.0673905
4.65 0.0695457
4.66 0.0716346
4.67 0.0736465
4.68 0.0755704
4.69 0.0773945
4.7 0.079107
4.71 0.0806952
4.72 0.082146
4.73 0.0834457
4.74 0.0845803
4.75 0.0855349
4.76 0.0862943
4.77 0.0868426
4.78 0.0871632
4.79 0.0872391
4.8 0.0870526
4.81 0.0865852
4.82 0.0858179
4.83 0.084731
4.84 0.0833042
4.85 0.0815162
4.86 0.0793454
4.87 0.0767691
4.88 0.073764
4.89 0.0703061
4.9 0.0663705
4.91 0.0619315
4.92 0.0569626
4.93 0.0514365
4.94 0.0453251
4.95 0.0385992
4.96 0.031229
4.97 0.0231835
4.98 0.014431
4.99 0.0049388
5 -0.00532688


-5 0.0352651
-4.99 0.036909
-4.98 0.038312
-4.97 0.0394969
-4.96 0.0404849
-4.95 0.0412958
-4.94 0.0419481
-4.93 0.0424592
-4.92 0.0428451
-4.91 0.0431208
-4.9 0.0433002
-4.89 0.0433962
-4.88 0.0434206
-4.87 0.0433845
-4.86 0.043298
-4.85 0.0431703
-4.84 0.0430101
-4.83 0.0428249
-4.82 0.042622
-4.81 0.0424078
-4.8 0.0421879
-4.79 0.0419678
-4.78 0.041752
-4.77 0.0415446
-4.76 0.0413494
-4.75 0.0411695
-4.74 0.0410079
-4.73 0.0408667
-4.72 0.0407482
-4.71 0.0406539
-4.7 0.0405852
-4.69 0.0405432
-4.68 0.0405287
-4.67 0.0405423
-4.66 0.0405842
-4.65 0.0406546
-4.64 0.0407533
-4.63 0.0408801
-4.62 0.0410346
-4.61 0.0412162
-4.6 0.0414241
-4.59 0.0416576
-4.58 0.0419157
-4.57 0.0421974
-4.56 0.0425016
-4.55 0.0428271
-4.54 0.0431728
-4.53 0.0435373
-4.52 0.0439194
-4.51 0.0443177
-4.5 0.0447309
-4.49 0.0451576
-4.48 0.0455964
-4.47 0.046046
-4.46 0.0465049
-4.45 0.0469718
-4.44 0.0474455
-4.43 0.0479245
-4.42 0.0484076
-4.41 0.0488934
-4.4 0.0493809
-4.39 0.0498688
-4.38 0.0503559
-4.37 0.0508411
-4.36 0.0513234
-4.35 0.0518017
-4.34 0.0522752
-4.33 0.0527428
-4.32 0.0532037
-4.31 0.0536571
-4.3 0.0541022
-4.29 0.0545383
-4.28 0.0549648
-4.27 0.0553811
-4.26 0.0557866
-4.25 0.0561808
-4.24 0.0565633
-4.23 0.0569337
-4.22 0.0572918
-4.21 0.0576371
-4.2 0.0579696
-4.19 0.0582889
-4.18 0.0585951
-4.17 0.058888
-4.16 0.0591675
-4.15 0.0594338
-4.14 0.0596869
-4.13 0.0599268
-4.12 0.0601538
-4.11 0.060368
-4.1 0.0605697
-4.09 0.0607591
-4.08 0.0609365
-4.07 0.0611022
-4.06 0.0612567
-4.05 0.0614003
-4.04 0.0615335
-4.03 0.0616567
-4.02 0.0617704
-4.01 0.061875
-4 0.0619712
-3.99 0.0620595
-3.98 0.0621404
-3.97 0.0622145
-3.96 0.0622825
-3.95 0.0623449
-3.94 0.0624023
-3.93 0.0624555
-3.92 0.0625049
-3.91 0.0625514
-3.9 0.0625955
-3.89 0.0626379
-3.88 0.0626793
-3.87 0.0627203
-3.86 0.0627616
-3.85 0.0628039
-3.84 0.0628477
-3.83 0.0628939
-3.82 0.062943
-3.81 0.0629956
-3.8 0.0630524
-3.79 0.0631141
-3.78 0.0631812
-3.77 0.0632543
-3.76 0.0633341
-3.75 0.0634211
-3.74 0.0635159
-3.73 0.063619
-3.72 0.063731
-3.71 0.0638523
-3.7 0.0639836
-3.69 0.0641252
-3.68 0.0642776
-3.67 0.0644414
-3.66 0.0646168
-3.65 0.0648043
-3.64 0.0650043
-3.63 0.0652172
-3.62 0.0654433
-3.61 0.0656829
-3.6 0.0659363
-3.59 0.0662037
-3.58 0.0664856
-3.57 0.066782
-3.56 0.0670932
-3.55 0.0674194
-3.54 0.0677606
-3.53 0.0681172
-3.52 0.0684892
-3.51 0.0688766
-3.5 0.0692796
-3.49 0.0696982
-3.48 0.0701324
-3.47 0.0705823
-3.46 0.0710477
-3.45 0.0715288
-3.44 0.0720254
-3.43 0.0725374
-3.42 0.0730647
-3.41 0.0736072
-3.4 0.0741649
-3.39 0.0747374
-3.38 0.0753247
-3.37 0.0759264
-3.36 0.0765425
-3.35 0.0771727
-3.34 0.0778167
-3.33 0.0784743
-3.32 0.0791452
-3.31 0.079829
-3.3 0.0805255
-3.29 0.0812343
-3.28 0.0819552
-3.27 0.0826877
-3.26 0.0834314
-3.25 0.0841861
-3.24 0.0849513
-3.23 0.0857267
-3.22 0.0865117
-3.21 0.087306
-3.2 0.0881093
-3.19 0.088921
-3.18 0.0897407
-3.17 0.090568
-3.16 0.0914024
-3.15 0.0922435
-3.14 0.0930908
-3.13 0.0939439
-3.12 0.0948023
-3.11 0.0956656
-3.1 0.0965332
-3.09 0.0974048
-3.08 0.0982799
-3.07 0.0991579
-3.06 0.100039
-3.05 0.100921
-3.04 0.101806
-3.03 0.102691
-3.02 0.103578
-3.01 0.104464
-3 0.105351
-2.99 0.106237
-2.98 0.107122
-2.97 0.108006
-2.96 0.108888
-2.95 0.109769
-2.94 0.110646
-2.93 0.111521
-2.92 0.112392
-2.91 0.11326
-2.9 0.114124
-2.89 0.114984
-2.88 0.11584
-2.87 0.11669
-2.86 0.117536
-2.85 0.118376
-2.84 0.119211
-2.83 0.12004
-2.82 0.120862
-2.81 0.121679
-2.8 0.122489
-2.79 0.123293
-2.78 0.12409
-2.77 0.12488
-2.76 0.125663
-2.75 0.126439
-2.74 0.127208
-2.73 0.127969
-2.72 0.128724
-2.71 0.129471
-2.7 0.130211
-2.69 0.130944
-2.68 0.131669
-2.67 0.132388
-2.66 0.133099
-2.65 0.133803
-2.64 0.134501
-2.63 0.135192
-2.62 0.135876
-2.61 0.136554
-2.6 0.137226
-2.59 0.137892
-2.58 0.138552
-2.57 0.139207
-2.56 0.139856
-2.55 0.140501
-2.54 0.141141
-2.53 0.141777
-2.52 0.142409
-2.51 0.143037
-2.5 0.143663
-2.49 0.144285
-2.48 0.144906
-2.47 0.145524
-2.46 0.146142
-2.45 0.146758
-2.44 0.147374
-2.43 0.14799
-2.42 0.148607
-2.41 0.149225
-2.4 0.149845
-2.39 0.150467
-2.38 0.151093
-2.37 0.151722
-2.36 0.152355
-2.35 0.152993
-2.34 0.153636
-2.33 0.154286
-2.32 0.154943
-2.31 0.155607
-2.3 0.156279
-2.29 0.156961
-2.28 0.157652
-2.27 0.158353
-2.26 0.159066
-2.25 0.159791
-2.24 0.160528
-2.23 0.161279
-2.22 0.162044
-2.21 0.162825
-2.2 0.163621
-2.19 0.164433
-2.18 0.165264
-2.17 0.166112
-2.16 0.16698
-2.15 0.167867
-2.14 0.168775
-2.13 0.169705
-2.12 0.170657
-2.11 0.171632
-2.1 0.172632
-2.09 0.173656
-2.08 0.174706
-2.07 0.175782
-2.06 0.176885
-2.05 0.178017
-2.04 0.179178
-2.03 0.180368
-2.02 0.181589
-2.01 0.182842
-2 0.184126
-1.99 0.185444
-1.98 0.186795
-1.97 0.188181
-1.96 0.189602
-1.95 0.191059
-1.94 0.192553
-1.93 0.194085
-1.92 0.195654
-1.91 0.197263
-1.9 0.198912
-1.89 0.200601
-1.88 0.20233
-1.87 0.204102
-1.86 0.205916
-1.85 0.207774
-1.84 0.209674
-1.83 0.21162
-1.82 0.21361
-1.81 0.215645
-1.8 0.217727
-1.79 0.219855
-1.78 0.22203
-1.77 0.224253
-1.76 0.226524
-1.75 0.228844
-1.74 0.231212
-1.73 0.23363
-1.72 0.236098
-1.71 0.238616
-1.7 0.241185
-1.69 0.243805
-1.68 0.246476
-1.67 0.249199
-1.66 0.251973
-1.65 0.2548
-1.64 0.257679
-1.63 0.26061
-1.62 0.263594
-1.61 0.266631
-1.6 0.269722
-1.59 0.272865
-1.58 0.276061
-1.57 0.279311
-1.56 0.282614
-1.55 0.285971
-1.54 0.28938
-1.53 0.292843
-1.52 0.296359
-1.51 0.299928
-1.5 0.30355
-1.49 0.307225
-1.48 0.310953
-1.47 0.314732
-1.46 0.318564
-1.45 0.322448
-1.44 0.326384
-1.43 0.33037
-1.42 0.334408
-1.41 0.338496
-1.4 0.342634
-1.39 0.346823
-1.38 0.35106
-1.37 0.355346
-1.36 0.35968
-1.35 0.364062
-1.34 0.368492
-1.33 0.372968
-1.32 0.377489
-1.31 0.382056
-1.3 0.386668
-1.29 0.391324
-1.28 0.396023
-1.27 0.400764
-1.26 0.405547
-1.25 0.410371
-1.24 0.415235
-1.23 0.420138
-1.22 0.42508
-1.21 0.430059
-1.2 0.435074
-1.19 0.440125
-1.18 0.445211
-1.17 0.45033
-1.16 0.455482
-1.15 0.460665
-1.14 0.465878
-1.13 0.471121
-1.12 0.476393
-1.11 0.481691
-1.1 0.487015
-1.09 0.492364
-1.08 0.497737
-1.07 0.503132
-1.06 0.508549
-1.05 0.513985
-1.04 0.51944
-1.03 0.524912
-1.02 0.5304
-1.01 0.535904
-1 0.54142
-0.99 0.546949
-0.98 0.552488
-0.97 0.558037
-0.96 0.563594
-0.95 0.569157
-0.94 0.574725
-0.93 0.580297
-0.92 0.585872
-0.91 0.591447
-0.9 0.597021
-0.89 0.602594
-0.88 0.608163
-0.87 0.613727
-0.86 0.619284
-0.85 0.624833
-0.84 0.630373
-0.83 0.635901
-0.82 0.641417
-0.81 0.646919
-0.8 0.652405
-0.79 0.657873
-0.78 0.663324
-0.77 0.668753
-0.76 0.674161
-0.75 0.679546
-0.74 0.684906
-0.73 0.690239
-0.72 0.695544
-0.71 0.70082
-0.7 0.706065
-0.69 0.711277
-0.68 0.716455
-0.67 0.721597
-0.66 0.726702
-0.65 0.731769
-0.64 0.736795
-0.63 0.74178
-0.62 0.746721
-0.61 0.751618
-0.6 0.756468
-0.59 0.761271
-0.58 0.766025
-0.57 0.770729
-0.56 0.77538
-0.55 0.779978
-0.54 0.784522
-0.53 0.789009
-0.52 0.793438
-0.51 0.797809
-0.5 0.802119
-0.49 0.806368
-0.48 0.810554
-0.47 0.814675
-0.46 0.818731
-0.45 0.822721
-0.44 0.826642
-0.43 0.830494
-0.42 0.834275
-0.41 0.837985
-0.4 0.841622
-0.39 0.845184
-0.38 0.848672
-0.37 0.852083
-0.36 0.855417
-0.35 0.858673
-0.34 0.861849
-0.33 0.864945
-0.32 0.867959
-0.31 0.870891
-0.3 0.873739
-0.29 0.876503
-0.28 0.879182
-0.27 0.881775
-0.26 0.884281
-0.25 0.8867
-0.24 0.88903
-0.23 0.891271
-0.22 0.893422
-0.21 0.895482
-0.2 0.897451
-0.19 0.899328
-0.18 0.901112
-0.17 0.902803
-0.16 0.904401
-0.15 0.905904
-0.14 0.907313
-0.13 0.908627
-0.12 0.909845
-0.11 0.910967
-0.1 0.911992
-0.09 0.912922
-0.08 0.913754
-0.07 0.914488
-0.06 0.915126
-0.05 0.915665
-0.04 0.916107
-0.03 0.916451
-0.02 0.916696
-0.01 0.916844
-6.23078e-14 0.916893
0.01 0.916844
0.02 0.916696
0.03 0.916451
0.04 0.916107
0.05 0.915665
0.06 0.915126
0.07 0.914488
0.08 0.913754
0.09 0.912922
0.1 0.911992
0.11 0.910967
0.12 0.909845
0.13 0.908627
0.14 0.907313
0.15 0.905904
0.16 0.904401
0.17 0.902803
0.18 0.901112
0.19 0.899328
0.2 0.897451
0.21 0.895482
0.22 0.893422
0.23 0.891271
0.24 0.88903
0.25 0.8867
0.26 0.884281
0.27 0.881775
0.28 0.879182
0.29 0.876503
0.3 0.873739
0.31 0.870891
0.32 0.867959
0.33 0.864945
0.34 0.861849
0.35 0.858673
0.36 0.855417
0.37 0.852083
0.38 0.848672
0.39 0.845184
0.4 0.841622
0.41 0.837985
0.42 0.834275
0.43 0.830494
0.44 0.826642
0.45 0.822721
0.46 0.818731
0.47 0.814675
0.48 0.810554
0.49 0.806368
0.5 0.802119
0.51 0.797809
0.52 0.793438
0.53 0.789009
0.54 0.784522
0.55 0.779978
0.56 0.77538
0.57 0.770729
0.58 0.766025
0.59 0.761271
0.6 0.756468
0.61 0.751618
0.62 0.746721
0.63 0.74178
0.64 0.736795
0.65 0.731769
0.66 0.726702
0.67 0.721597
0.68 0.716455
0.69 0.711277
0.7 0.706065
0.71 0.70082
0.72 0.695544
0.73 0.690239
0.74 0.684906
0.75 0.679546
0.76 0.674161
0.77 0.668753
0.78 0.663324
0.79 0.657873
0.8 0.652405
0.81 0.646919
0.82 0.641417
0.83 0.635901
0.84 0.630373
0.85 0.624833
0.86 0.619284
0.87 0.613727
0.88 0.608163
0.89 0.602594
0.9 0.597021
0.91 0.591447
0.92 0.585872
0.93 0.580297
0.94 0.574725
0.95 0.569157
0.96 0.563594
0.97 0.558037
0.98 0.552488
0.99 0.546949
1 0.54142
1.01 0.535904
1.02 0.5304
1.03 0.524912
1.04 0.51944
1.05 0.513985
1.06 0.508549
1.07 0.503132
1.08 0.497737
1.09 0.492364
1.1 0.487015
1.11 0.481691
1.12 0.476393
1.13 0.471121
1.14 0.465878
1.15 0.460665
1.16 0.455482
1.17 0.45033
1.18 0.445211
1.19 0.440125
1.2 0.435074
1.21 0.430059
1.22 0.42508
1.23 0.420138
1.24 0.415235
1.25 0.410371
1.26 0.405547
1.27 0.400764
1.28 0.396023
1.29 0.391324
1.3 0.386668
1.31 0.382056
1.32 0.377489
1.33 0.372968
1.34 0.368492
1.35 0.364062
1.36 0.35968
1.37 0.355346
1.38 0.35106
1.39 0.346823
1.4 0.342634
1.41 0.338496
1.42 0.334408
1.43 0.33037
1.44 0.326384
1.45 0.322448
1.46 0.318564
1.47 0.314732
1.48 0.310953
1.49 0.307225
1.5 0.30355
1.51 0.299928
1.52 0.296359
1.53 0.292843
1.54 0.28938
1.55 0.285971
1.56 0.282614
1.57 0.279311
1.58 0.276061
1.59 0.272865
1.6 0.269722
1.61 0.266631
1.62 0.263594
1.63 0.26061
1.64 0.257679
1.65 0.2548
1.66 0.251973
1.67 0.249199
1.68 0.246476
1.69 0.243805
1.7 0.241185
1.71 0.238616
1.72 0.236098
1.73 0.23363
1.74 0.231212
1.75 0.228844
1.76 0.226524
1.77 0.224253
1.78 0.22203
1.79 0.219855
1.8 0.217727
1.81 0.215645
1.82 0.21361
1.83 0.21162
1.84 0.209674
1.85 0.207774
1.86 0.205916
1.87 0.204102
1.88 0.20233
1.89 0.200601
1.9 0.198912
1.91 0.197263
1.92 0.195654
1.93 0.194085
1.94 0.192553
1.95 0.191059
1.96 0.189602
1.97 0.188181
1.98 0.186795
1.99 0.185444
2 0.184126
2.01 0.182842
2.02 0.181589
2.03 0.180368
2.04 0.179178
2.05 0.178017
2.06 0.176885
2.07 0.175782
2.08 0.174706
2.09 0.173656
2.1 0.172632
2.11 0.171632
2.12 0.170657
2.13 0.169705
2.14 0.168775
2.15 0.167867
2.16 0.16698
2.17 0.166112
2.18 0.165264
2.19 0.164433
2.2 0.163621
2.21 0.162825
2.22 0.162044
2.23 0.161279
2.24 0.160528
2.25 0.159791
2.26 0.159066
2.27 0.158353
2.28 0.157652
2.29 0.156961
2.3 0.156279
2.31 0.155607
2.32 0.154943
2.33 0.154286
2.34 0.153636
2.35 0.152993
2.36 0.152355
2.37 0.151722
2.38 0.151093
2.39 0.150467
2.4 0.149845
2.41 0.149225
2.42 0.148607
2.43 0.14799
2.44 0.147374
2.45 0.146758
2.46 0.146142
2.47 0.145524
2.48 0.144906
2.49 0.144285
2.5 0.143663
2.51 0.143037
2.52 0.142409
2.53 0.141777
2.54 0.141141
2.55 0.140501
2.56 0.139856
2.57 0.139207
2.58 0.138552
2.59 0.137892
2.6 0.137226
2.61 0.136554
2.62 0.135876
2.63 0.135192
2.64 0.134501
2.65 0.133803
2.66 0.133099
2.67 0.132388
2.68 0.131669
2.69 0.130944
2.7 0.130211
2.71 0.129471
2.72 0.128724
2.73 0.127969
2.74 0.127208
2.75 0.126439
2.76 0.125663
2.77 0.12488
2.78 0.12409
2.79 0.123293
2.8 0.122489
2.81 0.121679
2.82 0.120862
2.83 0.12004
2.84 0.119211
2.85 0.118376
2.86 0.117536
2.87 0.11669
2.88 0.11584
2.89 0.114984
2.9 0.114124
2.91 0.11326
2.92 0.112392
2.93 0.111521
2.94 0.110646
2.95 0.109769
2.96 0.108888
2.97 0.108006
2.98 0.107122
2.99 0.106237
3 0.105351
3.01 0.104464
3.02 0.103578
3.03 0.102691
3.04 0.101806
3.05 0.100921
3.06 0.100039
3.07 0.0991579
3.08 0.0982799
3.09 0.0974048
3.1 0.0965332
3.11 0.0956656
3.12 0.0948023
3.13 0.0939439
3.14 0.0930908
3.15 0.0922435
3.16 0.0914024
3.17 0.090568
3.18 0.0897407
3.19 0.088921
3.2 0.0881093
3.21 0.087306
3.22 0.0865117
3.23 0.0857267
3.24 0.0849513
3.25 0.0841861
3.26 0.0834314
3.27 0.0826877
3.28 0.0819552
3.29 0.0812343
3.3 0.0805255
3.31 0.079829
3.32 0.0791452
3.33 0.0784743
3.34 0.0778167
3.35 0.0771727
3.36 0.0765425
3.37 0.0759264
3.38 0.0753247
3.39 0.0747374
3.4 0.0741649
3.41 0.0736072
3.42 0.0730647
3.43 0.0725374
3.44 0.0720254
3.45 0.0715288
3.46 0.0710477
3.47 0.0705823
3.48 0.0701324
3.49 0.0696982
3.5 0.0692796
3.51 0.0688766
3.52 0.0684892
3.53 0.0681172
3.54 0.0677606
3.55 0.0674194
3.56 0.0670932
3.57 0.066782
3.58 0.0664856
3.59 0.0662037
3.6 0.0659363
3.61 0.0656829
3.62 0.0654433
3.63 0.0652172
3.64 0.0650043
3.65 0.0648043
3.66 0.0646168
3.67 0.0644414
3.68 0.0642776
3.69 0.0641252
3.7 0.0639836
3.71 0.0638523
3.72 0.063731
3.73 0.063619
3.74 0.0635159
3.75 0.0634211
3.76 0.0633341
3.77 0.0632543
3.78 0.0631812
3.79 0.0631141
3.8 0.0630524
3.81 0.0629956
3.82 0.062943
3.83 0.0628939
3.84 0.0628477
3.85 0.0628039
3.86 0.0627616
3.87 0.0627203
3.88 0.0626793
3.89 0.0626379
3.9 0.0625955
3.91 0.0625514
3.92 0.0625049
3.93 0.0624555
3.94 0.0624023
3.95 0.0623449
3.96 0.0622825
3.97 0.0622145
3.98 0.0621404
3.99 0.0620595
4 0.0619712
4.01 0.061875
4.02 0.0617704
4.03 0.0616567
4.04 0.0615335
4.05 0.0614003
4.06 0.0612567
4.07 0.0611022
4.08 0.0609365
4.09 0.0607591
4.1 0.0605697
4.11 0.060368
4.12 0.0601538
4.13 0.0599268
4.14 0.0596869
4.15 0.0594338
4.16 0.0591675
4.17 0.058888
4.18 0.0585951
4.19 0.0582889
4.2 0.0579696
4.21 0.0576371
4.22 0.0572918
4.23 0.0569337
4.24 0.0565633
4.25 0.0561808
4.26 0.0557866
4.27 0.0553811
4.28 0.0549648
4.29 0.0545383
4.3 0.0541022
4.31 0.0536571
4.32 0.0532037
4.33 0.0527428
4.34 0.0522752
4.35 0.0518017
4.36 0.0513234
4.37 0.0508411
4.38 0.0503559
4.39 0.0498688
4.4 0.0493809
4.41 0.0488934
4.42 0.0484076
4.43 0.0479245
4.44 0.0474455
4.45 0.0469718
4.46 0.0465049
4.47 0.046046
4.48 0.0455964
4.49 0.0451576
4.5 0.0447309
4.51 0.0443177
4.52 0.0439194
4.53 0.0435373
4.54 0.0431728
4.55 0.0428271
4.56 0.0425016
4.57 0.0421974
4.58 0.0419157
4.59 0.0416576
4.6 0.0414241
4.61 0.0412162
4.62 0.0410346
4.63 0.0408801
4.64 0.0407533
4.65 0.0406546
4.66 0.0405842
4.67 0.0405423
4.68 0.0405287
4.69 0.0405432
4.7 0.0405852
4.71 0.0406539
4.72 0.0407482
4.73 0.0408667
4.74 0.0410079
4.75 0.0411695
4.76 0.0413494
4.77 0.0415446
4.78 0.041752
4.79 0.0419678
4.8 0.0421879
4.81 0.0424078
4.82 0.042622
4.83 0.0428249
4.84 0.0430101
4.85 0.0431703
4.86 0.043298
4.87 0.0433845
4.88 0.0434206
4.89 0.0433962
4.9 0.0433002
4.91 0.0431208
4.92 0.0428451
4.93 0.0424592
4.94 0.0419481
4.95 0.0412958
4.96 0.0404849
4.97 0.0394969
4.98 0.038312
4.99 0.036909
5 0.0352651


-5 0.0443913
-4.99 0.040036
-4.98 0.0369541
-4.97 0.0349292
-4.96 0.0337709
-4.95 0.0333124
-4.94 0.0334079
-4.93 0.0339314
-4.92 0.0347741
-4.91 0.0358431
-4.9 0.0370593
-4.89 0.0383567
-4.88 0.0396801
-4.87 0.0409847
-4.86 0.0422345
-4.85 0.0434012
-4.84 0.0444634
-4.83 0.0454059
-4.82 0.0462184
-4.81 0.0468953
-4.8 0.0474347
-4.79 0.0478379
-4.78 0.048109
-4.77 0.0482541
-4.76 0.0482813
-4.75 0.0482
-4.74 0.0480205
-4.73 0.0477539
-4.72 0.0474119
-4.71 0.0470064
-4.7 0.0465492
-4.69 0.046052
-4.68 0.0455264
-4.67 0.0449834
-4.66 0.0444334
-4.65 0.0438866
-4.64 0.043352
-4.63 0.0428382
-4.62 0.0423531
-4.61 0.0419037
-4.6 0.0414961
-4.59 0.0411358
-4.58 0.0408274
-4.57 0.0405748
-4.56 0.0403809
-4.55 0.0402482
-4.54 0.0401783
-4.53 0.0401721
-4.52 0.04023
-4.51 0.0403517
-4.5 0.0405362
-4.49 0.0407823
-4.48 0.0410882
-4.47 0.0414514
-4.46 0.0418695
-4.45 0.0423394
-4.44 0.0428578
-4.43 0.0434211
-4.42 0.0440257
-4.41 0.0446675
-4.4 0.0453425
-4.39 0.0460466
-4.38 0.0467754
-4.37 0.0475248
-4.36 0.0482904
-4.35 0.0490681
-4.34 0.0498536
-4.33 0.0506429
-4.32 0.0514321
-4.31 0.0522172
-4.3 0.0529946
-4.29 0.0537608
-4.28 0.0545124
-4.27 0.0552463
-4.26 0.0559595
-4.25 0.0566493
-4.24 0.0573132
-4.23 0.057949
-4.22 0.0585546
-4.21 0.0591283
-4.2 0.0596685
-4.19 0.0601739
-4.18 0.0606435
-4.17 0.0610763
-4.16 0.061472
-4.15 0.06183
-4.14 0.0621502
-4.13 0.0624328
-4.12 0.062678
-4.11 0.0628864
-4.1 0.0630586
-4.09 0.0631954
-4.08 0.0632981
-4.07 0.0633676
-4.06 0.0634055
-4.05 0.0634133
-4.04 0.0633924
-4.03 0.0633449
-4.02 0.0632724
-4.01 0.0631769
-4 0.0630606
-3.99 0.0629254
-3.98 0.0627737
-3.97 0.0626075
-3.96 0.0624293
-3.95 0.0622412
-3.94 0.0620455
-3.93 0.0618447
-3.92 0.0616409
-3.91 0.0614365
-3.9 0.0612338
-3.89 0.061035
-3.88 0.0608422
-3.87 0.0606577
-3.86 0.0604835
-3.85 0.0603216
-3.84 0.0601741
-3.83 0.0600427
-3.82 0.0599292
-3.81 0.0598355
-3.8 0.0597629
-3.79 0.0597132
-3.78 0.0596877
-3.77 0.0596876
-3.76 0.0597142
-3.75 0.0597686
-3.74 0.0598517
-3.73 0.0599645
-3.72 0.0601075
-3.71 0.0602816
-3.7 0.0604871
-3.69 0.0607245
-3.68 0.060994
-3.67 0.0612959
-3.66 0.0616302
-3.65 0.0619968
-3.64 0.0623956
-3.63 0.0628263
-3.62 0.0632886
-3.61 0.063782
-3.6 0.0643059
-3.59 0.0648596
-3.58 0.0654425
-3.57 0.0660537
-3.56 0.0666923
-3.55 0.0673573
-3.54 0.0680477
-3.53 0.0687623
-3.52 0.0695
-3.51 0.0702595
-3.5 0.0710395
-3.49 0.0718387
-3.48 0.0726558
-3.47 0.0734893
-3.46 0.0743377
-3.45 0.0751996
-3.44 0.0760736
-3.43 0.076958
-3.42 0.0778514
-3.41 0.0787523
-3.4 0.0796591
-3.39 0.0805704
-3.38 0.0814845
-3.37 0.0824001
-3.36 0.0833156
-3.35 0.0842296
-3.34 0.0851407
-3.33 0.0860474
-3.32 0.0869484
-3.31 0.0878424
-3.3 0.088728
-3.29 0.0896042
-3.28 0.0904696
-3.27 0.0913231
-3.26 0.0921638
-3.25 0.0929904
-3.24 0.0938022
-3.23 0.0945981
-3.22 0.0953774
-3.21 0.0961392
-3.2 0.096883
-3.19 0.0976079
-3.18 0.0983136
-3.17 0.0989995
-3.16 0.0996652
-3.15 0.10031
-3.14 0.100935
-3.13 0.101538
-3.12 0.10212
-3.11 0.102681
-3.1 0.103221
-3.09 0.103739
-3.08 0.104237
-3.07 0.104714
-3.06 0.105171
-3.05 0.105608
-3.04 0.106025
-3.03 0.106423
-3.02 0.106803
-3.01 0.107164
-3 0.107509
-2.99 0.107837
-2.98 0.10815
-2.97 0.108448
-2.96 0.108733
-2.95 0.109004
-2.94 0.109264
-2.93 0.109512
-2.92 0.109751
-2.91 0.109982
-2.9 0.110205
-2.89 0.110422
-2.88 0.110633
-2.87 0.110841
-2.86 0.111047
-2.85 0.111251
-2.84 0.111456
-2.83 0.111661
-2.82 0.11187
-2.81 0.112082
-2.8 0.1123
-2.79 0.112525
-2.78 0.112757
-2.77 0.112999
-2.76 0.113252
-2.75 0.113516
-2.74 0.113794
-2.73 0.114087
-2.72 0.114395
-2.71 0.11472
-2.7 0.115063
-2.69 0.115426
-2.68 0.115809
-2.67 0.116215
-2.66 0.116642
-2.65 0.117094
-2.64 0.11757
-2.63 0.118072
-2.62 0.118601
-2.61 0.119157
-2.6 0.119742
-2.59 0.120356
-2.58 0.121
-2.57 0.121674
-2.56 0.12238
-2.55 0.123117
-2.54 0.123887
-2.53 0.12469
-2.52 0.125525
-2.51 0.126395
-2.5 0.127298
-2.49 0.128236
-2.48 0.129208
-2.47 0.130214
-2.46 0.131256
-2.45 0.132331
-2.44 0.133442
-2.43 0.134587
-2.42 0.135766
-2.41 0.13698
-2.4 0.138228
-2.39 0.13951
-2.38 0.140825
-2.37 0.142173
-2.36 0.143554
-2.35 0.144967
-2.34 0.146411
-2.33 0.147887
-2.32 0.149393
-2.31 0.150929
-2.3 0.152495
-2.29 0.154088
-2.28 0.15571
-2.27 0.157358
-2.26 0.159033
-2.25 0.160732
-2.24 0.162457
-2.23 0.164204
-2.22 0.165975
-2.21 0.167767
-2.2 0.16958
-2.19 0.171412
-2.18 0.173264
-2.17 0.175133
-2.16 0.17702
-2.15 0.178922
-2.14 0.180839
-2.13 0.182769
-2.12 0.184713
-2.11 0.186669
-2.1 0.188636
-2.09 0.190612
-2.08 0.192598
-2.07 0.194592
-2.06 0.196592
-2.05 0.1986
-2.04 0.200612
-2.03 0.202629
-2.02 0.20465
-2.01 0.206674
-2 0.2087
-1.99 0.210727
-1.98 0.212755
-1.97 0.214783
-1.96 0.216811
-1.95 0.218837
-1.94 0.220862
-1.93 0.222885
-1.92 0.224905
-1.91 0.226922
-1.9 0.228935
-1.89 0.230945
-1.88 0.232951
-1.87 0.234953
-1.86 0.236951
-1.85 0.238944
-1.84 0.240933
-1.83 0.242917
-1.82 0.244897
-1.81 0.246873
-1.8 0.248845
-1.79 0.250813
-1.78 0.252777
-1.77 0.254739
-1.76 0.256697
-1.75 0.258654
-1.74 0.260609
-1.73 0.262562
-1.72 0.264516
-1.71 0.266469
-1.7 0.268424
-1.69 0.27038
-1.68 0.272339
-1.67 0.274301
-1.66 0.276268
-1.65 0.278241
-1.64 0.28022
-1.63 0.282207
-1.62 0.284203
-1.61 0.286209
-1.6 0.288227
-1.59 0.290257
-1.58 0.292301
-1.57 0.29436
-1.56 0.296437
-1.55 0.298531
-1.54 0.300645
-1.53 0.302781
-1.52 0.304939
-1.51 0.307122
-1.5 0.30933
-1.49 0.311566
-1.48 0.313832
-1.47 0.316128
-1.46 0.318456
-1.45 0.320819
-1.44 0.323217
-1.43 0.325653
-1.42 0.328128
-1.41 0.330643
-1.4 0.333202
-1.39 0.335804
-1.38 0.338452
-1.37 0.341148
-1.36 0.343893
-1.35 0.346689
-1.34 0.349537
-1.33 0.352439
-1.32 0.355396
-1.31 0.358411
-1.3 0.361484
-1.29 0.364617
-1.28 0.367812
-1.27 0.371069
-1.26 0.374391
-1.25 0.377778
-1.24 0.381232
-1.23 0.384754
-1.22 0.388345
-1.21 0.392006
-1.2 0.395738
-1.19 0.399543
-1.18 0.40342
-1.17 0.407372
-1.16 0.411398
-1.15 0.4155
-1.14 0.419679
-1.13 0.423934
-1.12 0.428266
-1.11 0.432676
-1.1 0.437164
-1.09 0.44173
-1.08 0.446375
-1.07 0.451098
-1.06 0.4559
-1.05 0.46078
-1.04 0.465739
-1.03 0.470776
-1.02 0.475891
-1.01 0.481083
-1 0.486352
-0.99 0.491698
-0.98 0.497119
-0.97 0.502615
-0.96 0.508185
-0.95 0.513828
-0.94 0.519543
-0.93 0.525328
-0.92 0.531183
-0.91 0.537106
-0.9 0.543096
-0.89 0.549151
-0.88 0.55527
-0.87 0.561451
-0.86 0.567691
-0.85 0.57399
-0.84 0.580345
-0.83 0.586754
-0.82 0.593215
-0.81 0.599726
-0.8 0.606284
-0.79 0.612888
-0.78 0.619533
-0.77 0.626219
-0.76 0.632942
-0.75 0.639699
-0.74 0.646488
-0.73 0.653306
-0.72 0.66015
-0.71 0.667017
-0.7 0.673904
-0.69 0.680807
-0.68 0.687725
-0.67 0.694652
-0.66 0.701586
-0.65 0.708524
-0.64 0.715463
-0.63 0.722398
-0.62 0.729326
-0.61 0.736244
-0.6 0.743148
-0.59 0.750035
-0.58 0.756901
-0.57 0.763742
-0.56 0.770555
-0.55 0.777335
-0.54 0.78408
-0.53 0.790785
-0.52 0.797447
-0.51 0.804061
-0.5 0.810625
-0.49 0.817134
-0.48 0.823584
-0.47 0.829973
-0.46 0.836295
-0.45 0.842548
-0.44 0.848727
-0.43 0.854829
-0.42 0.86085
-0.41 0.866787
-0.4 0.872636
-0.39 0.878393
-0.38 0.884055
-0.37 0.889619
-0.36 0.89508
-0.35 0.900435
-0.34 0.905682
-0.33 0.910816
-0.32 0.915835
-0.31 0.920735
-0.3 0.925513
-0.29 0.930166
-0.28 0.934692
-0.27 0.939086
-0.26 0.943347
-0.25 0.947471
-0.24 0.951457
-0.23 0.9553
-0.22 0.958999
-0.21 0.962552
-0.2 0.965955
-0.19 0.969207
-0.18 0.972306
-0.17 0.975249
-0.16 0.978034
-0.15 0.98066
-0.14 0.983126
-0.13 0.985428
-0.12 0.987566
-0.11 0.989539
-0.1 0.991344
-0.09 0.992981
-0.08 0.994449
-0.07 0.995746
-0.06 0.996873
-0.05 0.997827
-0.04 0.998608
-0.03 0.999217
-0.02 0.999652
-0.01 0.999913
-6.23078e-14 1
0.01 0.999913
0.02 0.999652
0.03 0.999217
0.04 0.998608
0.05 0.997827
0.06 0.996873
0.07 0.995746
0.08 0.994449
0.09 0.992981
0.1 0.991344
0.11 0.989539
0.12 0.987566
0.13 0.985428
0.14 0.983126
0.15 0.98066
0.16 0.978034
0.17 0.975249
0.18 0.972306
0.19 0.969207
0.2 0.965955
0.21 0.962552
0.22 0.958999
0.23 0.9553
0.24 0.951457
0.25 0.947471
0.26 0.943347
0.27 0.939086
0.28 0.934692
0.29 0.930166
0.3 0.925513
0.31 0.920735
0.32 0.915835
0.33 0.910816
0.34 0.905682
0.35 0.900435
0.36 0.89508
0.37 0.889619
0.38 0.884055
0.39 0.878393
0.4 0.872636
0.41 0.866787
0.42 0.86085
0.43 0.854829
0.44 0.848727
0.45 0.842548
0.46 0.836295
0.47 0.829973
0.48 0.823584
0.49 0.817134
0.5 0.810625
0.51 0.804061
0.52 0.797447
0.53 0.790785
0.54 0.78408
0.55 0.777335
0.56 0.770555
0.57 0.763742
0.58 0.756901
0.59 0.750035
0.6 0.743148
0.61 0.736244
0.62 0.729326
0.63 0.722398
0.64 0.715463
0.65 0.708524
0.66 0.701586
0.67 0.694652
0.68 0.687725
0.69 0.680807
0.7 0.673904
0.71 0.667017
0.72 0.66015
0.73 0.653306
0.74 0.646488
0.75 0.639699
0.76 0.632942
0.77 0.626219
0.78 0.619533
0.79 0.612888
0.8 0.606284
0.81 0.599726
0.82 0.593215
0.83 0.586754
0.84 0.580345
0.85 0.57399
0.86 0.567691
0.87 0.561451
0.88 0.55527
0.89 0.549151
0.9 0.543096
0.91 0.537106
0.92 0.531183
0.93 0.525328
0.94 0.519543
0.95 0.513828
0.96 0.508185
0.97 0.502615
0.98 0.497119
0.99 0.491698
1 0.486352
1.01 0.481083
1.02 0.475891
1.03 0.470776
1.04 0.465739
1.05 0.46078
1.06 0.4559
1.07 0.451098
1.08 0.446375
1.09 0.44173
1.1 0.437164
1.11 0.432676
1.12 0.428266
1.13 0.423934
1.14 0.419679
1.15 0.4155
1.16 0.411398
1.17 0.407372
1.18 0.40342
1.19 0.399543
1.2 0.395738
1.21 0.392006
1.22 0.388345
1.23 0.384754
1.24 0.381232
1.25 0.377778
1.26 0.374391
1.27 0.371069
1.28 0.367812
1.29 0.364617
1.3 0.361484
1.31 0.358411
1.32 0.355396
1.33 0.352439
1.34 0.349537
1.35 0.346689
1.36 0.343893
1.37 0.341148
1.38 0.338452
1.39 0.335804
1.4 0.333202
1.41 0.330643
1.42 0.328128
1.43 0.325653
1.44 0.323217
1.45 0.320819
1.46 0.318456
1.47 0.316128
1.48 0.313832
1.49 0.311566
1.5 0.30933
1.51 0.307122
1.52 0.304939
1.53 0.302781
1.54 0.300645
1.55 0.298531
1.56 0.296437
1.57 0.29436
1.58 0.292301
1.59 0.290257
1.6 0.288227
1.61 0.286209
1.62 0.284203
1.63 0.282207
1.64 0.28022
1.65 0.278241
1.66 0.276268
1.67 0.274301
1.68 0.272339
1.69 0.27038
1.7 0.268424
1.71 0.266469
1.72 0.264516
1.73 0.262562
1.74 0.260609
1.75 0.258654
1.76 0.256697
1.77 0.254739
1.78 0.252777
1.79 0.250813
1.8 0.248845
1.81 0.246873
1.82 0.244897
1.83 0.242917
1.84 0.240933
1.85 0.238944
1.86 0.236951
1.87 0.234953
1.88 0.232951
1.89 0.230945
1.9 0.228935
1.91 0.226922
1.92 0.224905
1.93 0.222885
1.94 0.220862
1.95 0.218837
1.96 0.216811
1.97 0.214783
1.98 0.212755
1.99 0.210727
2 0.2087
2.01 0.206674
2.02 0.20465
2.03 0.202629
2.04 0.200612
2.05 0.1986
2.06 0.196592
2.07 0.194592
2.08 0.192598
2.09 0.190612
2.1 0.188636
2.11 0.186669
2.12 0.184713
2.13 0.182769
2.14 0.180839
2.15 0.178922
2.16 0.17702
2.17 0.175133
2.18 0.173264
2.19 0.171412
2.2 0.16958
2.21 0.167767
2.22 0.165975
2.23 0.164204
2.24 0.162457
2.25 0.160732
2.26 0.159033
2.27 0.157358
2.28 0.15571
2.29 0.154088
2.3 0.152495
2.31 0.150929
2.32 0.149393
2.33 0.147887
2.34 0.146411
2.35 0.144967
2.36 0.143554
2.37 0.142173
2.38 0.140825
2.39 0.13951
2.4 0.138228
2.41 0.13698
2.42 0.135766
2.43 0.134587
2.44 0.133442
2.45 0.132331
2.46 0.131256
2.47 0.130214
2.48 0.129208
2.49 0.128236
2.5 0.127298
2.51 0.126395
2.52 0.125525
2.53 0.12469
2.54 0.123887
2.55 0.123117
2.56 0.12238
2.57 0.121674
2.58 0.121
2.59 0.120356
2.6 0.119742
2.61 0.119157
2.62 0.118601
2.63 0.118072
2.64 0.11757
2.65 0.117094
2.66 0.116642
2.67 0.116215
2.68 0.115809
2.69 0.115426
2.7 0.115063
2.71 0.11472
2.72 0.114395
2.73 0.114087
2.74 0.113794
2.75 0.113516
2.76 0.113252
2.77 0.112999
2.78 0.112757
2.79 0.112525
2.8 0.1123
2.81 0.112082
2.82 0.11187
2.83 0.111661
2.84 0.111456
2.85 0.111251
2.86 0.111047
2.87 0.110841
2.88 0.110633
2.89 0.110422
2.9 0.110205
2.91 0.109982
2.92 0.109751
2.93 0.109512
2.94 0.109264
2.95 0.109004
2.96 0.108733
2.97 0.108448
2.98 0.10815
2.99 0.107837
3 0.107509
3.01 0.107164
3.02 0.106803
3.03 0.106423
3.04 0.106025
3.05 0.105608
3.06 0.105171
3.07 0.104714
3.08 0.104237
3.09 0.103739
3.1 0.103221
3.11 0.102681
3.12 0.10212
3.13 0.101538
3.14 0.100935
3.15 0.10031
3.16 0.0996652
3.17 0.0989995
3.18 0.0983136
3.19 0.0976079
3.2 0.096883
3.21 0.0961392
3.22 0.0953774
3.23 0.0945981
3.24 0.0938022
3.25 0.0929904
3.26 0.0921638
3.27 0.0913231
3.28 0.0904696
3.29 0.0896042
3.3 0.088728
3.31 0.0878424
3.32 0.0869484
3.33 0.0860474
3.34 0.0851407
3.35 0.0842296
3.36 0.0833156
3.37 0.0824001
3.38 0.0814845
3.39 0.0805704
3.4 0.0796591
3.41 0.0787523
3.42 0.0778514
3.43 0.076958
3.44 0.0760736
3.45 0.0751996
3.46 0.0743377
3.47 0.0734893
3.48 0.0726558
3.49 0.0718387
3.5 0.0710395
3.51 0.0702595
3.52 0.0695
3.53 0.0687623
3.54 0.0680477
3.55 0.0673573
3.56 0.0666923
3.57 0.0660537
3.58 0.0654425
3.59 0.0648596
3.6 0.0643059
3.61 0.063782
3.62 0.0632886
3.63 0.0628263
3.64 0.0623956
3.65 0.0619968
3.66 0.0616302
3.67 0.0612959
3.68 0.060994
3.69 0.0607245
3.7 0.0604871
3.71 0.0602816
3.72 0.0601075
3.73 0.0599645
3.74 0.0598517
3.75 0.0597686
3.76 0.0597142
3.77 0.0596876
3.78 0.0596877
3.79 0.0597132
3.8 0.0597629
3.81 0.0598355
3.82 0.0599292
3.83 0.0600427
3.84 0.0601741
3.85 0.0603216
3.86 0.0604835
3.87 0.0606577
3.88 0.0608422
3.89 0.061035
3.9 0.0612338
3.91 0.0614365
3.92 0.0616409
3.93 0.0618447
3.94 0.0620455
3.95 0.0622412
3.96 0.0624293
3.97 0.0626075
3.98 0.0627737
3.99 0.0629254
4 0.0630606
4.01 0.0631769
4.02 0.0632724
4.03 0.0633449
4.04 0.0633924
4.05 0.0634133
4.06 0.0634055
4.07 0.0633676
4.08 0.0632981
4.09 0.0631954
4.1 0.0630586
4.11 0.0628864
4.12 0.062678
4.13 0.0624328
4.14 0.0621502
4.15 0.06183
4.16 0.061472
4.17 0.0610763
4.18 0.0606435
4.19 0.0601739
4.2 0.0596685
4.21 0.0591283
4.22 0.0585546
4.23 0.057949
4.24 0.0573132
4.25 0.0566493
4.26 0.0559595
4.27 0.0552463
4.28 0.0545124
4.29 0.0537608
4.3 0.0529946
4.31 0.0522172
4.32 0.0514321
4.33 0.0506429
4.34 0.0498536
4.35 0.0490681
4.36 0.0482904
4.37 0.0475248
4.38 0.0467754
4.39 0.0460466
4.4 0.0453425
4.41 0.0446675
4.42 0.0440257
4.43 0.0434211
4.44 0.0428578
4.45 0.0423394
4.46 0.0418695
4.47 0.0414514
4.48 0.0410882
4.49 0.0407823
4.5 0.0405362
4.51 0.0403517
4.52 0.04023
4.53 0.0401721
4.54 0.0401783
4.55 0.0402482
4.56 0.0403809
4.57 0.0405748
4.58 0.0408274
4.59 0.0411358
4.6 0.0414961
4.61 0.0419037
4.62 0.0423531
4.63 0.0428382
4.64 0.043352
4.65 0.0438866
4.66 0.0444334
4.67 0.0449834
4.68 0.0455264
4.69 0.046052
4.7 0.0465492
4.71 0.0470064
4.72 0.0474119
4.73 0.0477539
4.74 0.0480205
4.75 0.0482
4.76 0.0482813
4.77 0.0482541
4.78 0.048109
4.79 0.0478379
4.8 0.0474347
4.81 0.0468953
4.82 0.0462184
4.83 0.0454059
4.84 0.0444634
4.85 0.0434012
4.86 0.0422345
4.87 0.0409847
4.88 0.0396801
4.89 0.0383567
4.9 0.0370593
4.91 0.0358431
4.92 0.0347741
4.93 0.0339314
4.94 0.0334079
4.95 0.0333124
4.96 0.0337709
4.97 0.0349292
4.98 0.0369541
4.99 0.040036
5 0.0443913


