-5 0.0384615
-4.99 0.0357911
-4.98 0.0331643
-4.97 0.0305809
-4.96 0.0280406
-4.95 0.0255433
-4.94 0.0230886
-4.93 0.0206765
-4.92 0.0183065
-4.91 0.0159786
-4.9 0.0136925
-4.89 0.0114479
-4.88 0.00924471
-4.87 0.00708259
-4.86 0.00496135
-4.85 0.00288078
-4.84 0.000840645
-4.83 -0.00115928
-4.82 -0.00311921
-4.81 -0.00503938
-4.8 -0.00692
-4.79 -0.0087613
-4.78 -0.0105635
-4.77 -0.0123268
-4.76 -0.0140515
-4.75 -0.0157377
-4.74 -0.0173857
-4.73 -0.0189957
-4.72 -0.0205679
-4.71 -0.0221025
-4.7 -0.0235998
-4.69 -0.02506
-4.68 -0.0264832
-4.67 -0.0278698
-4.66 -0.0292198
-4.65 -0.0305336
-4.64 -0.0318114
-4.63 -0.0330533
-4.62 -0.0342596
-4.61 -0.0354305
-4.6 -0.0365662
-4.59 -0.0376669
-4.58 -0.0387328
-4.57 -0.0397641
-4.56 -0.0407612
-4.55 -0.041724
-4.54 -0.042653
-4.53 -0.0435482
-4.52 -0.0444099
-4.51 -0.0452383
-4.5 -0.0460337
-4.49 -0.0467961
-4.48 -0.0475259
-4.47 -0.0482231
-4.46 -0.0488882
-4.45 -0.0495211
-4.44 -0.0501223
-4.43 -0.0506917
-4.42 -0.0512298
-4.41 -0.0517366
-4.4 -0.0522123
-4.39 -0.0526572
-4.38 -0.0530715
-4.37 -0.0534554
-4.36 -0.0538091
-4.35 -0.0541327
-4.34 -0.0544265
-4.33 -0.0546907
-4.32 -0.0549254
-4.31 -0.055131
-4.3 -0.0553075
-4.29 -0.0554552
-4.28 -0.0555743
-4.27 -0.0556649
-4.26 -0.0557273
-4.25 -0.0557617
-4.24 -0.0557683
-4.23 -0.0557472
-4.22 -0.0556986
-4.21 -0.0556228
-4.2 -0.05552
-4.19 -0.0553903
-4.18 -0.0552339
-4.17 -0.0550511
-4.16 -0.0548419
-4.15 -0.0546067
-4.14 -0.0543456
-4.13 -0.0540588
-4.12 -0.0537464
-4.11 -0.0534088
-4.1 -0.053046
-4.09 -0.0526582
-4.08 -0.0522457
-4.07 -0.0518086
-4.06 -0.0513472
-4.05 -0.0508615
-4.04 -0.0503519
-4.03 -0.0498184
-4.02 -0.0492613
-4.01 -0.0486807
-4 -0.0480769
-3.99 -0.04745
-3.98 -0.0468002
-3.97 -0.0461278
-3.96 -0.0454327
-3.95 -0.0447154
-3.94 -0.0439759
-3.93 -0.0432144
-3.92 -0.0424311
-3.91 -0.0416262
-3.9 -0.0407998
-3.89 -0.0399522
-3.88 -0.0390835
-3.87 -0.038194
-3.86 -0.0372837
-3.85 -0.0363529
-3.84 -0.0354017
-3.83 -0.0344303
-3.82 -0.033439
-3.81 -0.0324278
-3.8 -0.0313969
-3.79 -0.0303466
-3.78 -0.029277
-3.77 -0.0281882
-3.76 -0.0270805
-3.75 -0.025954
-3.74 -0.0248089
-3.73 -0.0236454
-3.72 -0.0224636
-3.71 -0.0212638
-3.7 -0.020046
-3.69 -0.0188104
-3.68 -0.0175573
-3.67 -0.0162868
-3.66 -0.014999
-3.65 -0.0136942
-3.64 -0.0123725
-3.63 -0.0110341
-3.62 -0.00967904
-3.61 -0.00830763
-3.6 -0.00692
-3.59 -0.0055163
-3.58 -0.00409671
-3.57 -0.00266139
-3.56 -0.00121051
-3.55 0.000255781
-3.54 0.0017373
-3.53 0.0032339
-3.52 0.00474541
-3.51 0.00627166
-3.5 0.0078125
-3.49 0.00936776
-3.48 0.0109373
-3.47 0.0125209
-3.46 0.0141185
-3.45 0.0157298
-3.44 0.0173548
-3.43 0.0189932
-3.42 0.0206449
-3.41 0.0223098
-3.4 0.0239877
-3.39 0.0256784
-3.38 0.0273818
-3.37 0.0290976
-3.36 0.0308259
-3.35 0.0325664
-3.34 0.0343189
-3.33 0.0360833
-3.32 0.0378594
-3.31 0.0396472
-3.3 0.0414463
-3.29 0.0432568
-3.28 0.0450784
-3.27 0.046911
-3.26 0.0487544
-3.25 0.0506085
-3.24 0.0524731
-3.23 0.0543481
-3.22 0.0562333
-3.21 0.0581286
-3.2 0.0600338
-3.19 0.0619489
-3.18 0.0638735
-3.17 0.0658077
-3.16 0.0677512
-3.15 0.0697039
-3.14 0.0716656
-3.13 0.0736362
-3.12 0.0756157
-3.11 0.0776037
-3.1 0.0796002
-3.09 0.081605
-3.08 0.083618
-3.07 0.0856391
-3.06 0.0876681
-3.05 0.0897048
-3.04 0.0917492
-3.03 0.093801
-3.02 0.0958602
-3.01 0.0979266
-3 0.1
-2.99 0.10208
-2.98 0.104168
-2.97 0.106261
-2.96 0.108362
-2.95 0.110468
-2.94 0.112581
-2.93 0.1147
-2.92 0.116825
-2.91 0.118956
-2.9 0.121092
-2.89 0.123235
-2.88 0.125382
-2.87 0.127535
-2.86 0.129693
-2.85 0.131856
-2.84 0.134024
-2.83 0.136196
-2.82 0.138374
-2.81 0.140555
-2.8 0.142742
-2.79 0.144932
-2.78 0.147126
-2.77 0.149325
-2.76 0.151527
-2.75 0.153733
-2.74 0.155943
-2.73 0.158156
-2.72 0.160373
-2.71 0.162593
-2.7 0.164816
-2.69 0.167041
-2.68 0.16927
-2.67 0.171502
-2.66 0.173736
-2.65 0.175972
-2.64 0.178211
-2.63 0.180452
-2.62 0.182695
-2.61 0.184941
-2.6 0.187188
-2.59 0.189437
-2.58 0.191687
-2.57 0.193939
-2.56 0.196192
-2.55 0.198447
-2.54 0.200703
-2.53 0.20296
-2.52 0.205218
-2.51 0.207476
-2.5 0.209736
-2.49 0.211995
-2.48 0.214256
-2.47 0.216517
-2.46 0.218777
-2.45 0.221038
-2.44 0.2233
-2.43 0.22556
-2.42 0.227821
-2.41 0.230082
-2.4 0.232342
-2.39 0.234601
-2.38 0.23686
-2.37 0.239118
-2.36 0.241375
-2.35 0.243631
-2.34 0.245886
-2.33 0.24814
-2.32 0.250392
-2.31 0.252643
-2.3 0.254892
-2.29 0.25714
-2.28 0.259386
-2.27 0.261631
-2.26 0.263873
-2.25 0.266113
-2.24 0.268351
-2.23 0.270587
-2.22 0.272821
-2.21 0.275052
-2.2 0.27728
-2.19 0.279506
-2.18 0.281729
-2.17 0.283949
-2.16 0.286166
-2.15 0.28838
-2.14 0.290591
-2.13 0.292798
-2.12 0.295002
-2.11 0.297203
-2.1 0.2994
-2.09 0.301594
-2.08 0.303783
-2.07 0.305969
-2.06 0.308151
-2.05 0.310329
-2.04 0.312503
-2.03 0.314672
-2.02 0.316837
-2.01 0.318998
-2 0.321154
-1.99 0.323305
-1.98 0.325452
-1.97 0.327594
-1.96 0.329731
-1.95 0.331863
-1.94 0.333991
-1.93 0.336112
-1.92 0.338229
-1.91 0.34034
-1.9 0.342446
-1.89 0.344547
-1.88 0.346642
-1.87 0.348731
-1.86 0.350814
-1.85 0.352891
-1.84 0.354963
-1.83 0.357028
-1.82 0.359088
-1.81 0.361141
-1.8 0.363188
-1.79 0.365228
-1.78 0.367262
-1.77 0.36929
-1.76 0.371311
-1.75 0.373325
-1.74 0.375332
-1.73 0.377333
-1.72 0.379326
-1.71 0.381313
-1.7 0.383292
-1.69 0.385265
-1.68 0.38723
-1.67 0.389188
-1.66 0.391138
-1.65 0.393081
-1.64 0.395016
-1.63 0.396944
-1.62 0.398864
-1.61 0.400776
-1.6 0.40268
-1.59 0.404576
-1.58 0.406465
-1.57 0.408345
-1.56 0.410217
-1.55 0.412081
-1.54 0.413936
-1.53 0.415783
-1.52 0.417622
-1.51 0.419452
-1.5 0.421274
-1.49 0.423087
-1.48 0.424891
-1.47 0.426687
-1.46 0.428473
-1.45 0.430251
-1.44 0.43202
-1.43 0.433779
-1.42 0.43553
-1.41 0.437271
-1.4 0.439003
-1.39 0.440726
-1.38 0.442439
-1.37 0.444143
-1.36 0.445837
-1.35 0.447522
-1.34 0.449197
-1.33 0.450863
-1.32 0.452518
-1.31 0.454164
-1.3 0.4558
-1.29 0.457426
-1.28 0.459042
-1.27 0.460648
-1.26 0.462244
-1.25 0.46383
-1.24 0.465405
-1.23 0.46697
-1.22 0.468525
-1.21 0.470069
-1.2 0.471603
-1.19 0.473126
-1.18 0.474639
-1.17 0.476141
-1.16 0.477633
-1.15 0.479113
-1.14 0.480583
-1.13 0.482042
-1.12 0.483491
-1.11 0.484928
-1.1 0.486354
-1.09 0.487769
-1.08 0.489173
-1.07 0.490566
-1.06 0.491948
-1.05 0.493318
-1.04 0.494677
-1.03 0.496025
-1.02 0.497362
-1.01 0.498687
-1 0.5
-0.99 0.501302
-0.98 0.502592
-0.97 0.503871
-0.96 0.505138
-0.95 0.506393
-0.94 0.507637
-0.93 0.508869
-0.92 0.510088
-0.91 0.511296
-0.9 0.512492
-0.89 0.513677
-0.88 0.514849
-0.87 0.516009
-0.86 0.517157
-0.85 0.518292
-0.84 0.519416
-0.83 0.520527
-0.82 0.521626
-0.81 0.522713
-0.8 0.523788
-0.79 0.52485
-0.78 0.5259
-0.77 0.526937
-0.76 0.527962
-0.75 0.528974
-0.74 0.529974
-0.73 0.530961
-0.72 0.531935
-0.71 0.532897
-0.7 0.533846
-0.69 0.534783
-0.68 0.535707
-0.67 0.536618
-0.66 0.537516
-0.65 0.538401
-0.64 0.539273
-0.63 0.540133
-0.62 0.54098
-0.61 0.541813
-0.6 0.542634
-0.59 0.543441
-0.58 0.544236
-0.57 0.545018
-0.56 0.545786
-0.55 0.546541
-0.54 0.547284
-0.53 0.548013
-0.52 0.548728
-0.51 0.549431
-0.5 0.55012
-0.49 0.550796
-0.48 0.551459
-0.47 0.552108
-0.46 0.552745
-0.45 0.553367
-0.44 0.553977
-0.43 0.554573
-0.42 0.555155
-0.41 0.555724
-0.4 0.55628
-0.39 0.556822
-0.38 0.557351
-0.37 0.557866
-0.36 0.558368
-0.35 0.558856
-0.34 0.55933
-0.33 0.559791
-0.32 0.560239
-0.31 0.560672
-0.3 0.561092
-0.29 0.561499
-0.28 0.561892
-0.27 0.562271
-0.26 0.562636
-0.25 0.562988
-0.24 0.563326
-0.23 0.563651
-0.22 0.563961
-0.21 0.564258
-0.2 0.564542
-0.19 0.564811
-0.18 0.565067
-0.17 0.565309
-0.16 0.565537
-0.15 0.565751
-0.14 0.565952
-0.13 0.566138
-0.12 0.566311
-0.11 0.56647
-0.1 0.566616
-0.09 0.566747
-0.08 0.566865
-0.07 0.566969
-0.06 0.567058
-0.05 0.567135
-0.04 0.567197
-0.03 0.567245
-0.02 0.56728
-0.01 0.567301
-6.23078e-14 0.567308
0.01 0.567301
0.02 0.56728
0.03 0.567245
0.04 0.567197
0.05 0.567135
0.06 0.567058
0.07 0.566969
0.08 0.566865
0.09 0.566747
0.1 0.566616
0.11 0.56647
0.12 0.566311
0.13 0.566138
0.14 0.565952
0.15 0.565751
0.16 0.565537
0.17 0.565309
0.18 0.565067
0.19 0.564811
0.2 0.564542
0.21 0.564258
0.22 0.563961
0.23 0.563651
0.24 0.563326
0.25 0.562988
0.26 0.562636
0.27 0.562271
0.28 0.561892
0.29 0.561499
0.3 0.561093
0.31 0.560672
0.32 0.560239
0.33 0.559791
0.34 0.55933
0.35 0.558856
0.36 0.558368
0.37 0.557866
0.38 0.557351
0.39 0.556822
0.4 0.55628
0.41 0.555724
0.42 0.555155
0.43 0.554573
0.44 0.553977
0.45 0.553367
0.46 0.552745
0.47 0.552108
0.48 0.551459
0.49 0.550796
0.5 0.55012
0.51 0.549431
0.52 0.548728
0.53 0.548013
0.54 0.547284
0.55 0.546541
0.56 0.545786
0.57 0.545018
0.58 0.544236
0.59 0.543441
0.6 0.542634
0.61 0.541813
0.62 0.54098
0.63 0.540133
0.64 0.539273
0.65 0.538401
0.66 0.537516
0.67 0.536618
0.68 0.535707
0.69 0.534783
0.7 0.533846
0.71 0.532897
0.72 0.531935
0.73 0.530961
0.74 0.529974
0.75 0.528974
0.76 0.527962
0.77 0.526937
0.78 0.5259
0.79 0.52485
0.8 0.523788
0.81 0.522713
0.82 0.521626
0.83 0.520527
0.84 0.519416
0.85 0.518292
0.86 0.517157
0.87 0.516009
0.88 0.514849
0.89 0.513677
0.9 0.512493
0.91 0.511296
0.92 0.510088
0.93 0.508869
0.94 0.507637
0.95 0.506393
0.96 0.505138
0.97 0.503871
0.98 0.502592
0.99 0.501302
1 0.5
1.01 0.498687
1.02 0.497362
1.03 0.496025
1.04 0.494677
1.05 0.493318
1.06 0.491948
1.07 0.490566
1.08 0.489173
1.09 0.487769
1.1 0.486354
1.11 0.484928
1.12 0.483491
1.13 0.482042
1.14 0.480583
1.15 0.479113
1.16 0.477633
1.17 0.476141
1.18 0.474639
1.19 0.473126
1.2 0.471603
1.21 0.470069
1.22 0.468525
1.23 0.46697
1.24 0.465405
1.25 0.46383
1.26 0.462244
1.27 0.460648
1.28 0.459042
1.29 0.457426
1.3 0.4558
1.31 0.454164
1.32 0.452518
1.33 0.450863
1.34 0.449197
1.35 0.447522
1.36 0.445837
1.37 0.444143
1.38 0.442439
1.39 0.440726
1.4 0.439003
1.41 0.437271
1.42 0.43553
1.43 0.433779
1.44 0.43202
1.45 0.430251
1.46 0.428473
1.47 0.426687
1.48 0.424891
1.49 0.423087
1.5 0.421274
1.51 0.419452
1.52 0.417622
1.53 0.415783
1.54 0.413936
1.55 0.412081
1.56 0.410217
1.57 0.408345
1.58 0.406465
1.59 0.404576
1.6 0.40268
1.61 0.400776
1.62 0.398864
1.63 0.396944
1.64 0.395016
1.65 0.393081
1.66 0.391138
1.67 0.389188
1.68 0.38723
1.69 0.385265
1.7 0.383293
1.71 0.381313
1.72 0.379326
1.73 0.377333
1.74 0.375332
1.75 0.373325
1.76 0.371311
1.77 0.36929
1.78 0.367262
1.79 0.365228
1.8 0.363188
1.81 0.361141
1.82 0.359088
1.83 0.357028
1.84 0.354963
1.85 0.352891
1.86 0.350814
1.87 0.348731
1.88 0.346642
1.89 0.344547
1.9 0.342446
1.91 0.34034
1.92 0.338229
1.93 0.336112
1.94 0.333991
1.95 0.331863
1.96 0.329731
1.97 0.327594
1.98 0.325452
1.99 0.323305
2 0.321154
2.01 0.318998
2.02 0.316837
2.03 0.314672
2.04 0.312503
2.05 0.310329
2.06 0.308151
2.07 0.305969
2.08 0.303783
2.09 0.301594
2.1 0.2994
2.11 0.297203
2.12 0.295002
2.13 0.292798
2.14 0.290591
2.15 0.28838
2.16 0.286166
2.17 0.283949
2.18 0.281729
2.19 0.279506
2.2 0.27728
2.21 0.275052
2.22 0.272821
2.23 0.270587
2.24 0.268351
2.25 0.266113
2.26 0.263873
2.27 0.261631
2.28 0.259386
2.29 0.25714
2.3 0.254893
2.31 0.252643
2.32 0.250392
2.33 0.24814
2.34 0.245886
2.35 0.243631
2.36 0.241375
2.37 0.239118
2.38 0.23686
2.39 0.234601
2.4 0.232342
2.41 0.230082
2.42 0.227821
2.43 0.22556
2.44 0.2233
2.45 0.221038
2.46 0.218777
2.47 0.216517
2.48 0.214256
2.49 0.211995
2.5 0.209736
2.51 0.207476
2.52 0.205218
2.53 0.20296
2.54 0.200703
2.55 0.198447
2.56 0.196192
2.57 0.193939
2.58 0.191687
2.59 0.189437
2.6 0.187188
2.61 0.184941
2.62 0.182695
2.63 0.180452
2.64 0.178211
2.65 0.175972
2.66 0.173736
2.67 0.171502
2.68 0.16927
2.69 0.167041
2.7 0.164816
2.71 0.162593
2.72 0.160373
2.73 0.158156
2.74 0.155943
2.75 0.153733
2.76 0.151527
2.77 0.149325
2.78 0.147126
2.79 0.144932
2.8 0.142742
2.81 0.140555
2.82 0.138374
2.83 0.136196
2.84 0.134024
2.85 0.131856
2.86 0.129693
2.87 0.127535
2.88 0.125382
2.89 0.123235
2.9 0.121093
2.91 0.118956
2.92 0.116825
2.93 0.1147
2.94 0.112581
2.95 0.110468
2.96 0.108362
2.97 0.106261
2.98 0.104168
2.99 0.10208
3 0.1
3.01 0.0979266
3.02 0.0958602
3.03 0.093801
3.04 0.0917492
3.05 0.0897048
3.06 0.0876681
3.07 0.0856391
3.08 0.083618
3.09 0.081605
3.1 0.0796002
3.11 0.0776037
3.12 0.0756157
3.13 0.0736362
3.14 0.0716656
3.15 0.0697039
3.16 0.0677512
3.17 0.0658077
3.18 0.0638735
3.19 0.0619489
3.2 0.0600338
3.21 0.0581286
3.22 0.0562333
3.23 0.0543481
3.24 0.0524731
3.25 0.0506085
3.26 0.0487544
3.27 0.046911
3.28 0.0450784
3.29 0.0432568
3.3 0.0414463
3.31 0.0396472
3.32 0.0378594
3.33 0.0360833
3.34 0.0343189
3.35 0.0325664
3.36 0.0308259
3.37 0.0290976
3.38 0.0273818
3.39 0.0256784
3.4 0.0239877
3.41 0.0223098
3.42 0.0206449
3.43 0.0189932
3.44 0.0173548
3.45 0.0157298
3.46 0.0141185
3.47 0.0125209
3.48 0.0109373
3.49 0.00936776
3.5 0.0078125
3.51 0.00627166
3.52 0.00474541
3.53 0.0032339
3.54 0.0017373
3.55 0.000255781
3.56 -0.00121051
3.57 -0.00266139
3.58 -0.00409671
3.59 -0.0055163
3.6 -0.00692
3.61 -0.00830763
3.62 -0.00967904
3.63 -0.0110341
3.64 -0.0123725
3.65 -0.0136942
3.66 -0.014999
3.67 -0.0162868
3.68 -0.0175573
3.69 -0.0188104
3.7 -0.020046
3.71 -0.0212638
3.72 -0.0224636
3.73 -0.0236454
3.74 -0.0248089
3.75 -0.025954
3.76 -0.0270805
3.77 -0.0281882
3.78 -0.029277
3.79 -0.0303466
3.8 -0.0313969
3.81 -0.0324278
3.82 -0.033439
3.83 -0.0344303
3.84 -0.0354017
3.85 -0.0363529
3.86 -0.0372837
3.87 -0.038194
3.88 -0.0390835
3.89 -0.0399522
3.9 -0.0407998
3.91 -0.0416262
3.92 -0.0424311
3.93 -0.0432144
3.94 -0.0439759
3.95 -0.0447154
3.96 -0.0454327
3.97 -0.0461278
3.98 -0.0468002
3.99 -0.04745
4 -0.0480769
4.01 -0.0486807
4.02 -0.0492613
4.03 -0.0498184
4.04 -0.0503519
4.05 -0.0508615
4.06 -0.0513472
4.07 -0.0518086
4.08 -0.0522457
4.09 -0.0526582
4.1 -0.053046
4.11 -0.0534088
4.12 -0.0537464
4.13 -0.0540588
4.14 -0.0543456
4.15 -0.0546067
4.16 -0.0548419
4.17 -0.0550511
4.18 -0.0552339
4.19 -0.0553903
4.2 -0.05552
4.21 -0.0556228
4.22 -0.0556986
4.23 -0.0557472
4.24 -0.0557683
4.25 -0.0557617
4.26 -0.0557273
4.27 -0.0556649
4.28 -0.0555743
4.29 -0.0554552
4.3 -0.0553075
4.31 -0.055131
4.32 -0.0549254
4.33 -0.0546907
4.34 -0.0544265
4.35 -0.0541327
4.36 -0.0538091
4.37 -0.0534554
4.38 -0.0530715
4.39 -0.0526572
4.4 -0.0522123
4.41 -0.0517366
4.42 -0.0512298
4.43 -0.0506917
4.44 -0.0501223
4.45 -0.0495211
4.46 -0.0488882
4.47 -0.0482231
4.48 -0.0475259
4.49 -0.0467961
4.5 -0.0460337
4.51 -0.0452383
4.52 -0.0444099
4.53 -0.0435482
4.54 -0.042653
4.55 -0.041724
4.56 -0.0407612
4.57 -0.0397641
4.58 -0.0387328
4.59 -0.0376669
4.6 -0.0365662
4.61 -0.0354305
4.62 -0.0342596
4.63 -0.0330533
4.64 -0.0318114
4.65 -0.0305336
4.66 -0.0292198
4.67 -0.0278698
4.68 -0.0264832
4.69 -0.02506
4.7 -0.0235998
4.71 -0.0221025
4.72 -0.0205679
4.73 -0.0189957
4.74 -0.0173857
4.75 -0.0157377
4.76 -0.0140515
4.77 -0.0123268
4.78 -0.0105635
4.79 -0.0087613
4.8 -0.00692
4.81 -0.00503938
4.82 -0.00311921
4.83 -0.00115928
4.84 0.000840645
4.85 0.00288078
4.86 0.00496135
4.87 0.00708259
4.88 0.00924471
4.89 0.0114479
4.9 0.0136925
4.91 0.0159786
4.92 0.0183065
4.93 0.0206765
4.94 0.0230886
4.95 0.0255433
4.96 0.0280406
4.97 0.0305809
4.98 0.0331643
4.99 0.0357911
5 0.0384615


-5 0.0384615
-4.99 0.192208
-4.98 0.33757
-4.97 0.474824
-4.96 0.604237
-4.95 0.726071
-4.94 0.840583
-4.93 0.948023
-4.92 1.04863
-4.91 1.14265
-4.9 1.23032
-4.89 1.31185
-4.88 1.38747
-4.87 1.45739
-4.86 1.52183
-4.85 1.58099
-4.84 1.63507
-4.83 1.68426
-4.82 1.72875
-4.81 1.76873
-4.8 1.80439
-4.79 1.83588
-4.78 1.86339
-4.77 1.88707
-4.76 1.9071
-4.75 1.92363
-4.74 1.93681
-4.73 1.94679
-4.72 1.95371
-4.71 1.95772
-4.7 1.95895
-4.69 1.95754
-4.68 1.95361
-4.67 1.94728
-4.66 1.93869
-4.65 1.92795
-4.64 1.91517
-4.63 1.90046
-4.62 1.88394
-4.61 1.8657
-4.6 1.84585
-4.59 1.82448
-4.58 1.80169
-4.57 1.77758
-4.56 1.75223
-4.55 1.72572
-4.54 1.69815
-4.53 1.66958
-4.52 1.64011
-4.51 1.6098
-4.5 1.57872
-4.49 1.54695
-4.48 1.51456
-4.47 1.4816
-4.46 1.44815
-4.45 1.41426
-4.44 1.37999
-4.43 1.3454
-4.42 1.31054
-4.41 1.27546
-4.4 1.24021
-4.39 1.20485
-4.38 1.1694
-4.37 1.13393
-4.36 1.09847
-4.35 1.06306
-4.34 1.02774
-4.33 0.992553
-4.32 0.957523
-4.31 0.922688
-4.3 0.888081
-4.29 0.853731
-4.28 0.819667
-4.27 0.785917
-4.26 0.752506
-4.25 0.719459
-4.24 0.686799
-4.23 0.654547
-4.22 0.622725
-4.21 0.591352
-4.2 0.560444
-4.19 0.530021
-4.18 0.500097
-4.17 0.470686
-4.16 0.441803
-4.15 0.413461
-4.14 0.385669
-4.13 0.35844
-4.12 0.331783
-4.11 0.305706
-4.1 0.280218
-4.09 0.255324
-4.08 0.231032
-4.07 0.207347
-4.06 0.184272
-4.05 0.161813
-4.04 0.139972
-4.03 0.118751
-4.02 0.0981519
-4.01 0.078176
-4 0.0588235
-3.99 0.0400944
-3.98 0.0219877
-3.97 0.00450212
-3.96 -0.0123642
-3.95 -0.0286135
-3.94 -0.0442489
-3.93 -0.0592737
-3.92 -0.0736916
-3.91 -0.0875069
-3.9 -0.100724
-3.89 -0.113349
-3.88 -0.125386
-3.87 -0.136841
-3.86 -0.147721
-3.85 -0.158032
-3.84 -0.16778
-3.83 -0.176974
-3.82 -0.185619
-3.81 -0.193724
-3.8 -0.201296
-3.79 -0.208344
-3.78 -0.214877
-3.77 -0.220901
-3.76 -0.226426
-3.75 -0.231462
-3.74 -0.236016
-3.73 -0.240099
-3.72 -0.243718
-3.71 -0.246885
-3.7 -0.249608
-3.69 -0.251897
-3.68 -0.253762
-3.67 -0.255213
-3.66 -0.256259
-3.65 -0.256911
-3.64 -0.257178
-3.63 -0.25707
-3.62 -0.256599
-3.61 -0.255773
-3.6 -0.254603
-3.59 -0.253099
-3.58 -0.251271
-3.57 -0.249129
-3.56 -0.246683
-3.55 -0.243944
-3.54 -0.240922
-3.53 -0.237626
-3.52 -0.234066
-3.51 -0.230253
-3.5 -0.226196
-3.49 -0.221905
-3.48 -0.21739
-3.47 -0.21266
-3.46 -0.207725
-3.45 -0.202595
-3.44 -0.197279
-3.43 -0.191785
-3.42 -0.186124
-3.41 -0.180305
-3.4 -0.174335
-3.39 -0.168226
-3.38 -0.161984
-3.37 -0.155619
-3.36 -0.14914
-3.35 -0.142554
-3.34 -0.13587
-3.33 -0.129096
-3.32 -0.12224
-3.31 -0.115311
-3.3 -0.108315
-3.29 -0.101261
-3.28 -0.0941553
-3.27 -0.0870059
-3.26 -0.0798199
-3.25 -0.0726042
-3.24 -0.0653658
-3.23 -0.0581113
-3.22 -0.0508475
-3.21 -0.0435805
-3.2 -0.0363169
-3.19 -0.0290625
-3.18 -0.0218235
-3.17 -0.0146056
-3.16 -0.00741453
-3.15 -0.000255679
-3.14 0.00686557
-3.13 0.013944
-3.12 0.0209747
-3.11 0.0279527
-3.1 0.0348733
-3.09 0.041732
-3.08 0.0485244
-3.07 0.0552462
-3.06 0.0618934
-3.05 0.068462
-3.04 0.0749483
-3.03 0.0813487
-3.02 0.0876596
-3.01 0.0938777
-3 0.1
-2.99 0.106023
-2.98 0.111945
-2.97 0.117762
-2.96 0.123472
-2.95 0.129073
-2.94 0.134561
-2.93 0.139936
-2.92 0.145195
-2.91 0.150337
-2.9 0.155359
-2.89 0.160259
-2.88 0.165038
-2.87 0.169692
-2.86 0.174222
-2.85 0.178626
-2.84 0.182902
-2.83 0.187051
-2.82 0.191072
-2.81 0.194964
-2.8 0.198726
-2.79 0.202359
-2.78 0.205862
-2.77 0.209235
-2.76 0.212478
-2.75 0.215592
-2.74 0.218576
-2.73 0.221431
-2.72 0.224158
-2.71 0.226756
-2.7 0.229227
-2.69 0.231572
-2.68 0.233791
-2.67 0.235885
-2.66 0.237856
-2.65 0.239704
-2.64 0.241431
-2.63 0.243038
-2.62 0.244526
-2.61 0.245898
-2.6 0.247154
-2.59 0.248296
-2.58 0.249325
-2.57 0.250245
-2.56 0.251056
-2.55 0.25176
-2.54 0.25236
-2.53 0.252858
-2.52 0.253254
-2.51 0.253553
-2.5 0.253755
-2.49 0.253864
-2.48 0.253881
-2.47 0.25381
-2.46 0.253651
-2.45 0.253408
-2.44 0.253084
-2.43 0.25268
-2.42 0.2522
-2.41 0.251646
-2.4 0.251021
-2.39 0.250327
-2.38 0.249567
-2.37 0.248744
-2.36 0.24786
-2.35 0.246919
-2.34 0.245923
-2.33 0.244876
-2.32 0.243779
-2.31 0.242636
-2.3 0.241449
-2.29 0.240223
-2.28 0.238958
-2.27 0.237659
-2.26 0.236328
-2.25 0.234969
-2.24 0.233583
-2.23 0.232174
-2.22 0.230746
-2.21 0.2293
-2.2 0.22784
-2.19 0.226368
-2.18 0.224888
-2.17 0.223403
-2.16 0.221914
-2.15 0.220426
-2.14 0.218941
-2.13 0.217461
-2.12 0.215991
-2.11 0.214531
-2.1 0.213086
-2.09 0.211657
-2.08 0.210248
-2.07 0.208862
-2.06 0.2075
-2.05 0.206166
-2.04 0.204862
-2.03 0.203591
-2.02 0.202356
-2.01 0.201158
-2 0.2
-1.99 0.198885
-1.98 0.197815
-1.97 0.196793
-1.96 0.195821
-1.95 0.194901
-1.94 0.194035
-1.93 0.193226
-1.92 0.192475
-1.91 0.191786
-1.9 0.191159
-1.89 0.190597
-1.88 0.190103
-1.87 0.189677
-1.86 0.189322
-1.85 0.189039
-1.84 0.188832
-1.83 0.1887
-1.82 0.188646
-1.81 0.188672
-1.8 0.188778
-1.79 0.188968
-1.78 0.189241
-1.77 0.1896
-1.76 0.190046
-1.75 0.19058
-1.74 0.191204
-1.73 0.191919
-1.72 0.192725
-1.71 0.193624
-1.7 0.194618
-1.69 0.195706
-1.68 0.196891
-1.67 0.198172
-1.66 0.199551
-1.65 0.201028
-1.64 0.202605
-1.63 0.204281
-1.62 0.206058
-1.61 0.207935
-1.6 0.209914
-1.59 0.211995
-1.58 0.214178
-1.57 0.216464
-1.56 0.218852
-1.55 0.221343
-1.54 0.223938
-1.53 0.226635
-1.52 0.229436
-1.51 0.23234
-1.5 0.235347
-1.49 0.238456
-1.48 0.241669
-1.47 0.244984
-1.46 0.248401
-1.45 0.25192
-1.44 0.25554
-1.43 0.259261
-1.42 0.263082
-1.41 0.267004
-1.4 0.271024
-1.39 0.275143
-1.38 0.279359
-1.37 0.283673
-1.36 0.288083
-1.35 0.292587
-1.34 0.297186
-1.33 0.301879
-1.32 0.306663
-1.31 0.311539
-1.3 0.316505
-1.29 0.321559
-1.28 0.326702
-1.27 0.33193
-1.26 0.337244
-1.25 0.342641
-1.24 0.348121
-1.23 0.353681
-1.22 0.359321
-1.21 0.365039
-1.2 0.370833
-1.19 0.376701
-1.18 0.382643
-1.17 0.388656
-1.16 0.394739
-1.15 0.400889
-1.14 0.407106
-1.13 0.413387
-1.12 0.41973
-1.11 0.426134
-1.1 0.432596
-1.09 0.439115
-1.08 0.445689
-1.07 0.452315
-1.06 0.458992
-1.05 0.465718
-1.04 0.47249
-1.03 0.479306
-1.02 0.486165
-1.01 0.493063
-1 0.5
-0.99 0.506972
-0.98 0.513978
-0.97 0.521015
-0.96 0.52808
-0.95 0.535173
-0.94 0.54229
-0.93 0.549428
-0.92 0.556587
-0.91 0.563763
-0.9 0.570954
-0.89 0.578157
-0.88 0.585371
-0.87 0.592592
-0.86 0.59982
-0.85 0.60705
-0.84 0.614281
-0.83 0.62151
-0.82 0.628735
-0.81 0.635953
-0.8 0.643163
-0.79 0.650361
-0.78 0.657545
-0.77 0.664712
-0.76 0.671862
-0.75 0.67899
-0.74 0.686094
-0.73 0.693173
-0.72 0.700223
-0.71 0.707242
-0.7 0.714228
-0.69 0.721179
-0.68 0.728092
-0.67 0.734964
-0.66 0.741794
-0.65 0.748579
-0.64 0.755316
-0.63 0.762004
-0.62 0.76864
-0.61 0.775222
-0.6 0.781747
-0.59 0.788214
-0.58 0.794619
-0.57 0.800962
-0.56 0.807239
-0.55 0.813448
-0.54 0.819588
-0.53 0.825656
-0.52 0.83165
-0.51 0.837568
-0.5 0.843407
-0.49 0.849167
-0.48 0.854845
-0.47 0.860439
-0.46 0.865946
-0.45 0.871366
-0.44 0.876696
-0.43 0.881934
-0.42 0.887079
-0.41 0.892128
-0.4 0.89708
-0.39 0.901934
-0.38 0.906687
-0.37 0.911338
-0.36 0.915885
-0.35 0.920327
-0.34 0.924662
-0.33 0.928888
-0.32 0.933005
-0.31 0.93701
-0.3 0.940902
-0.29 0.944681
-0.28 0.948344
-0.27 0.95189
-0.26 0.955318
-0.25 0.958627
-0.24 0.961816
-0.23 0.964883
-0.22 0.967828
-0.21 0.970649
-0.2 0.973346
-0.19 0.975917
-0.18 0.978362
-0.17 0.98068
-0.16 0.982869
-0.15 0.98493
-0.14 0.986861
-0.13 0.988662
-0.12 0.990332
-0.11 0.991871
-0.1 0.993278
-0.09 0.994552
-0.08 0.995693
-0.07 0.996701
-0.06 0.997575
-0.05 0.998316
-0.04 0.998922
-0.03 0.999393
-0.02 0.99973
-0.01 0.999933
-6.23078e-14 1
0.01 0.999933
0.02 0.99973
0.03 0.999393
0.04 0.998922
0.05 0.998316
0.06 0.997575
0.07 0.996701
0.08 0.995693
0.09 0.994552
0.1 0.993278
0.11 0.991871
0.12 0.990332
0.13 0.988662
0.14 0.986861
0.15 0.98493
0.16 0.982869
0.17 0.98068
0.18 0.978362
0.19 0.975917
0.2 0.973346
0.21 0.970649
0.22 0.967828
0.23 0.964883
0.24 0.961816
0.25 0.958627
0.26 0.955318
0.27 0.95189
0.28 0.948344
0.29 0.944681
0.3 0.940902
0.31 0.93701
0.32 0.933005
0.33 0.928888
0.34 0.924662
0.35 0.920327
0.36 0.915885
0.37 0.911338
0.38 0.906687
0.39 0.901934
0.4 0.89708
0.41 0.892128
0.42 0.887079
0.43 0.881934
0.44 0.876696
0.45 0.871366
0.46 0.865946
0.47 0.860439
0.48 0.854845
0.49 0.849167
0.5 0.843407
0.51 0.837568
0.52 0.83165
0.53 0.825656
0.54 0.819588
0.55 0.813448
0.56 0.807239
0.57 0.800962
0.58 0.794619
0.59 0.788214
0.6 0.781747
0.61 0.775222
0.62 0.76864
0.63 0.762004
0.64 0.755316
0.65 0.748579
0.66 0.741794
0.67 0.734964
0.68 0.728092
0.69 0.721179
0.7 0.714228
0.71 0.707242
0.72 0.700223
0.73 0.693173
0.74 0.686094
0.75 0.67899
0.76 0.671862
0.77 0.664712
0.78 0.657545
0.79 0.650361
0.8 0.643163
0.81 0.635953
0.82 0.628735
0.83 0.62151
0.84 0.614281
0.85 0.60705
0.86 0.59982
0.87 0.592592
0.88 0.585371
0.89 0.578157
0.9 0.570954
0.91 0.563763
0.92 0.556587
0.93 0.549428
0.94 0.54229
0.95 0.535173
0.96 0.52808
0.97 0.521015
0.98 0.513978
0.99 0.506972
1 0.5
1.01 0.493063
1.02 0.486165
1.03 0.479306
1.04 0.47249
1.05 0.465718
1.06 0.458992
1.07 0.452315
1.08 0.445689
1.09 0.439115
1.1 0.432596
1.11 0.426134
1.12 0.41973
1.13 0.413387
1.14 0.407106
1.15 0.400889
1.16 0.394739
1.17 0.388656
1.18 0.382643
1.19 0.376701
1.2 0.370833
1.21 0.365039
1.22 0.359321
1.23 0.353681
1.24 0.348121
1.25 0.342641
1.26 0.337244
1.27 0.33193
1.28 0.326702
1.29 0.321559
1.3 0.316505
1.31 0.311539
1.32 0.306663
1.33 0.301879
1.34 0.297186
1.35 0.292587
1.36 0.288083
1.37 0.283673
1.38 0.279359
1.39 0.275143
1.4 0.271024
1.41 0.267004
1.42 0.263082
1.43 0.259261
1.44 0.25554
1.45 0.25192
1.46 0.248401
1.47 0.244984
1.48 0.241669
1.49 0.238456
1.5 0.235347
1.51 0.23234
1.52 0.229436
1.53 0.226635
1.54 0.223938
1.55 0.221343
1.56 0.218852
1.57 0.216464
1.58 0.214178
1.59 0.211995
1.6 0.209914
1.61 0.207935
1.62 0.206058
1.63 0.204281
1.64 0.202605
1.65 0.201028
1.66 0.199551
1.67 0.198172
1.68 0.196891
1.69 0.195706
1.7 0.194618
1.71 0.193624
1.72 0.192725
1.73 0.191919
1.74 0.191204
1.75 0.19058
1.76 0.190046
1.77 0.1896
1.78 0.189241
1.79 0.188968
1.8 0.188778
1.81 0.188672
1.82 0.188646
1.83 0.1887
1.84 0.188832
1.85 0.189039
1.86 0.189322
1.87 0.189677
1.88 0.190103
1.89 0.190597
1.9 0.191159
1.91 0.191786
1.92 0.192475
1.93 0.193226
1.94 0.194035
1.95 0.194901
1.96 0.195821
1.97 0.196793
1.98 0.197815
1.99 0.198885
2 0.2
2.01 0.201158
2.02 0.202356
2.03 0.203591
2.04 0.204862
2.05 0.206166
2.06 0.2075
2.07 0.208862
2.08 0.210248
2.09 0.211657
2.1 0.213086
2.11 0.214531
2.12 0.215991
2.13 0.217461
2.14 0.218941
2.15 0.220426
2.16 0.221914
2.17 0.223403
2.18 0.224888
2.19 0.226368
2.2 0.22784
2.21 0.2293
2.22 0.230746
2.23 0.232174
2.24 0.233583
2.25 0.234969
2.26 0.236328
2.27 0.237659
2.28 0.238958
2.29 0.240223
2.3 0.241449
2.31 0.242636
2.32 0.243779
2.33 0.244876
2.34 0.245923
2.35 0.246919
2.36 0.24786
2.37 0.248744
2.38 0.249567
2.39 0.250327
2.4 0.251021
2.41 0.251646
2.42 0.2522
2.43 0.25268
2.44 0.253084
2.45 0.253408
2.46 0.253651
2.47 0.25381
2.48 0.253881
2.49 0.253864
2.5 0.253755
2.51 0.253553
2.52 0.253254
2.53 0.252858
2.54 0.25236
2.55 0.25176
2.56 0.251056
2.57 0.250245
2.58 0.249325
2.59 0.248296
2.6 0.247154
2.61 0.245898
2.62 0.244526
2.63 0.243038
2.64 0.241431
2.65 0.239704
2.66 0.237856
2.67 0.235885
2.68 0.233791
2.69 0.231572
2.7 0.229227
2.71 0.226756
2.72 0.224158
2.73 0.221431
2.74 0.218576
2.75 0.215592
2.76 0.212478
2.77 0.209235
2.78 0.205862
2.79 0.202359
2.8 0.198726
2.81 0.194964
2.82 0.191072
2.83 0.187051
2.84 0.182902
2.85 0.178626
2.86 0.174222
2.87 0.169692
2.88 0.165038
2.89 0.160259
2.9 0.155359
2.91 0.150337
2.92 0.145195
2.93 0.139936
2.94 0.134561
2.95 0.129073
2.96 0.123472
2.97 0.117762
2.98 0.111945
2.99 0.106023
3 0.1
3.01 0.0938777
3.02 0.0876596
3.03 0.0813487
3.04 0.0749483
3.05 0.068462
3.06 0.0618934
3.07 0.0552462
3.08 0.0485244
3.09 0.041732
3.1 0.0348733
3.11 0.0279527
3.12 0.0209747
3.13 0.013944
3.14 0.00686557
3.15 -0.000255679
3.16 -0.00741453
3.17 -0.0146056
3.18 -0.0218235
3.19 -0.0290625
3.2 -0.0363169
3.21 -0.0435805
3.22 -0.0508475
3.23 -0.0581113
3.24 -0.0653658
3.25 -0.0726042
3.26 -0.0798199
3.27 -0.0870059
3.28 -0.0941553
3.29 -0.101261
3.3 -0.108315
3.31 -0.115311
3.32 -0.12224
3.33 -0.129096
3.34 -0.13587
3.35 -0.142554
3.36 -0.14914
3.37 -0.155619
3.38 -0.161984
3.39 -0.168226
3.4 -0.174335
3.41 -0.180305
3.42 -0.186124
3.43 -0.191785
3.44 -0.197279
3.45 -0.202595
3.46 -0.207725
3.47 -0.21266
3.48 -0.21739
3.49 -0.221905
3.5 -0.226196
3.51 -0.230253
3.52 -0.234066
3.53 -0.237626
3.54 -0.240922
3.55 -0.243944
3.56 -0.246683
3.57 -0.249129
3.58 -0.251271
3.59 -0.253099
3.6 -0.254603
3.61 -0.255773
3.62 -0.256599
3.63 -0.25707
3.64 -0.257178
3.65 -0.256911
3.66 -0.256259
3.67 -0.255213
3.68 -0.253762
3.69 -0.251897
3.7 -0.249608
3.71 -0.246885
3.72 -0.243718
3.73 -0.240099
3.74 -0.236016
3.75 -0.231462
3.76 -0.226426
3.77 -0.220901
3.78 -0.214877
3.79 -0.208344
3.8 -0.201296
3.81 -0.193724
3.82 -0.185619
3.83 -0.176974
3.84 -0.16778
3.85 -0.158032
3.86 -0.147721
3.87 -0.136841
3.88 -0.125386
3.89 -0.113349
3.9 -0.100724
3.91 -0.0875069
3.92 -0.0736916
3.93 -0.0592737
3.94 -0.0442489
3.95 -0.0286135
3.96 -0.0123642
3.97 0.00450212
3.98 0.0219877
3.99 0.0400944
4 0.0588235
4.01 0.078176
4.02 0.0981519
4.03 0.118751
4.04 0.139972
4.05 0.161813
4.06 0.184272
4.07 0.207347
4.08 0.231032
4.09 0.255324
4.1 0.280218
4.11 0.305706
4.12 0.331783
4.13 0.35844
4.14 0.385669
4.15 0.413461
4.16 0.441803
4.17 0.470686
4.18 0.500097
4.19 0.530021
4.2 0.560444
4.21 0.591352
4.22 0.622725
4.23 0.654547
4.24 0.686799
4.25 0.719459
4.26 0.752506
4.27 0.785917
4.28 0.819667
4.29 0.853731
4.3 0.888081
4.31 0.922688
4.32 0.957523
4.33 0.992553
4.34 1.02774
4.35 1.06306
4.36 1.09847
4.37 1.13393
4.38 1.1694
4.39 1.20485
4.4 1.24021
4.41 1.27546
4.42 1.31054
4.43 1.3454
4.44 1.37999
4.45 1.41426
4.46 1.44815
4.47 1.4816
4.48 1.51456
4.49 1.54695
4.5 1.57872
4.51 1.6098
4.52 1.64011
4.53 1.66958
4.54 1.69815
4.55 1.72572
4.56 1.75223
4.57 1.77758
4.58 1.80169
4.59 1.82448
4.6 1.84585
4.61 1.8657
4.62 1.88394
4.63 1.90046
4.64 1.91517
4.65 1.92795
4.66 1.93869
4.67 1.94728
4.68 1.95361
4.69 1.95754
4.7 1.95895
4.71 1.95772
4.72 1.95371
4.73 1.94679
4.74 1.93681
4.75 1.92363
4.76 1.9071
4.77 1.88707
4.78 1.86339
4.79 1.83588
4.8 1.80439
4.81 1.76873
4.82 1.72875
4.83 1.68426
4.84 1.63507
4.85 1.58099
4.86 1.52183
4.87 1.45739
4.88 1.38747
4.89 1.31185
4.9 1.23032
4.91 1.14265
4.92 1.04863
4.93 0.948023
4.94 0.840583
4.95 0.726071
4.96 0.604237
4.97 0.474824
4.98 0.33757
4.99 0.192208
5 0.0384615


-5 0.0384615
-4.99 0.311554
-4.98 0.559866
-4.97 0.784812
-4.96 0.987746
-4.95 1.16996
-4.94 1.33271
-4.93 1.47715
-4.92 1.60444
-4.91 1.71564
-4.9 1.81179
-4.89 1.89388
-4.88 1.96284
-4.87 2.01956
-4.86 2.0649
-4.85 2.09967
-4.84 2.12464
-4.83 2.14054
-4.82 2.14807
-4.81 2.14789
-4.8 2.14063
-4.79 2.12688
-4.78 2.10721
-4.77 2.08216
-4.76 2.05222
-4.75 2.01789
-4.74 1.97959
-4.73 1.93778
-4.72 1.89283
-4.71 1.84514
-4.7 1.79506
-4.69 1.74292
-4.68 1.68904
-4.67 1.6337
-4.66 1.57719
-4.65 1.51976
-4.64 1.46164
-4.63 1.40307
-4.62 1.34425
-4.61 1.28538
-4.6 1.22662
-4.59 1.16815
-4.58 1.11011
-4.57 1.05264
-4.56 0.995883
-4.55 0.93994
-4.54 0.88492
-4.53 0.830919
-4.52 0.778023
-4.51 0.726309
-4.5 0.675844
-4.49 0.626689
-4.48 0.578896
-4.47 0.532511
-4.46 0.487573
-4.45 0.444112
-4.44 0.402156
-4.43 0.361725
-4.42 0.322833
-4.41 0.285491
-4.4 0.249704
-4.39 0.215474
-4.38 0.182798
-4.37 0.151668
-4.36 0.122075
-4.35 0.0940052
-4.34 0.0674424
-4.33 0.0423675
-4.32 0.0187589
-4.31 -0.00340742
-4.3 -0.0241574
-4.29 -0.0435189
-4.28 -0.0615215
-4.27 -0.0781963
-4.26 -0.0935759
-4.25 -0.107694
-4.24 -0.120585
-4.23 -0.132285
-4.22 -0.14283
-4.21 -0.152257
-4.2 -0.160604
-4.19 -0.167908
-4.18 -0.174209
-4.17 -0.179543
-4.16 -0.183951
-4.15 -0.187469
-4.14 -0.190138
-4.13 -0.191994
-4.12 -0.193077
-4.11 -0.193423
-4.1 -0.19307
-4.09 -0.192055
-4.08 -0.190414
-4.07 -0.188184
-4.06 -0.185399
-4.05 -0.182094
-4.04 -0.178304
-4.03 -0.174061
-4.02 -0.169398
-4.01 -0.164347
-4 -0.158939
-3.99 -0.153205
-3.98 -0.147172
-3.97 -0.140872
-3.96 -0.134329
-3.95 -0.127573
-3.94 -0.120628
-3.93 -0.11352
-3.92 -0.106272
-3.91 -0.0989087
-3.9 -0.0914516
-3.89 -0.0839224
-3.88 -0.0763416
-3.87 -0.0687289
-3.86 -0.0611031
-3.85 -0.053482
-3.84 -0.0458827
-3.83 -0.0383214
-3.82 -0.0308133
-3.81 -0.023373
-3.8 -0.016014
-3.79 -0.0087492
-3.78 -0.00159058
-3.77 0.00545064
-3.76 0.012364
-3.75 0.0191398
-3.74 0.0257692
-3.73 0.0322438
-3.72 0.0385563
-3.71 0.0446997
-3.7 0.0506679
-3.69 0.0564554
-3.68 0.0620574
-3.67 0.0674695
-3.66 0.0726882
-3.65 0.0777104
-3.64 0.0825334
-3.63 0.0871554
-3.62 0.0915748
-3.61 0.0957907
-3.6 0.0998026
-3.59 0.10361
-3.58 0.107214
-3.57 0.110616
-3.56 0.113815
-3.55 0.116815
-3.54 0.119616
-3.53 0.122222
-3.52 0.124634
-3.51 0.126856
-3.5 0.128891
-3.49 0.130742
-3.48 0.132413
-3.47 0.133908
-3.46 0.135232
-3.45 0.136388
-3.44 0.137382
-3.43 0.138217
-3.42 0.138899
-3.41 0.139433
-3.4 0.139824
-3.39 0.140078
-3.38 0.140198
-3.37 0.140192
-3.36 0.140065
-3.35 0.139822
-3.34 0.139468
-3.33 0.13901
-3.32 0.138453
-3.31 0.137802
-3.3 0.137064
-3.29 0.136245
-3.28 0.135349
-3.27 0.134382
-3.26 0.13335
-3.25 0.132259
-3.24 0.131113
-3.23 0.129919
-3.22 0.128682
-3.21 0.127406
-3.2 0.126097
-3.19 0.124761
-3.18 0.123402
-3.17 0.122025
-3.16 0.120635
-3.15 0.119236
-3.14 0.117833
-3.13 0.11643
-3.12 0.115032
-3.11 0.113643
-3.1 0.112267
-3.09 0.110908
-3.08 0.109569
-3.07 0.108254
-3.06 0.106967
-3.05 0.105711
-3.04 0.104489
-3.03 0.103304
-3.02 0.102159
-3.01 0.101057
-3 0.1
-2.99 0.098991
-2.98 0.0980322
-2.97 0.0971256
-2.96 0.0962732
-2.95 0.095477
-2.94 0.0947386
-2.93 0.0940596
-2.92 0.0934414
-2.91 0.0928853
-2.9 0.0923925
-2.89 0.0919639
-2.88 0.0916005
-2.87 0.091303
-2.86 0.091072
-2.85 0.0909079
-2.84 0.0908112
-2.83 0.0907821
-2.82 0.0908207
-2.81 0.0909269
-2.8 0.0911008
-2.79 0.091342
-2.78 0.0916503
-2.77 0.0920252
-2.76 0.0924662
-2.75 0.0929727
-2.74 0.0935439
-2.73 0.094179
-2.72 0.0948772
-2.71 0.0956375
-2.7 0.0964588
-2.69 0.09734
-2.68 0.0982798
-2.67 0.0992771
-2.66 0.100331
-2.65 0.101439
-2.64 0.1026
-2.63 0.103813
-2.62 0.105077
-2.61 0.106389
-2.6 0.107748
-2.59 0.109153
-2.58 0.110601
-2.57 0.112092
-2.56 0.113622
-2.55 0.115191
-2.54 0.116797
-2.53 0.118438
-2.52 0.120111
-2.51 0.121817
-2.5 0.123551
-2.49 0.125313
-2.48 0.127101
-2.47 0.128913
-2.46 0.130747
-2.45 0.132602
-2.44 0.134475
-2.43 0.136366
-2.42 0.138271
-2.41 0.14019
-2.4 0.14212
-2.39 0.144061
-2.38 0.14601
-2.37 0.147966
-2.36 0.149928
-2.35 0.151893
-2.34 0.15386
-2.33 0.155829
-2.32 0.157796
-2.31 0.159762
-2.3 0.161725
-2.29 0.163684
-2.28 0.165637
-2.27 0.167583
-2.26 0.169521
-2.25 0.171451
-2.24 0.173371
-2.23 0.17528
-2.22 0.177177
-2.21 0.179062
-2.2 0.180934
-2.19 0.182792
-2.18 0.184635
-2.17 0.186464
-2.16 0.188277
-2.15 0.190074
-2.14 0.191855
-2.13 0.193619
-2.12 0.195366
-2.11 0.197096
-2.1 0.19881
-2.09 0.200506
-2.08 0.202185
-2.07 0.203847
-2.06 0.205492
-2.05 0.20712
-2.04 0.208732
-2.03 0.210328
-2.02 0.211908
-2.01 0.213472
-2 0.215022
-1.99 0.216558
-1.98 0.218081
-1.97 0.21959
-1.96 0.221087
-1.95 0.222573
-1.94 0.224048
-1.93 0.225514
-1.92 0.226971
-1.91 0.22842
-1.9 0.229862
-1.89 0.231299
-1.88 0.232732
-1.87 0.234161
-1.86 0.235588
-1.85 0.237014
-1.84 0.238441
-1.83 0.239869
-1.82 0.241301
-1.81 0.242737
-1.8 0.244179
-1.79 0.245628
-1.78 0.247086
-1.77 0.248554
-1.76 0.250034
-1.75 0.251528
-1.74 0.253036
-1.73 0.254561
-1.72 0.256105
-1.71 0.257667
-1.7 0.259251
-1.69 0.260858
-1.68 0.26249
-1.67 0.264147
-1.66 0.265833
-1.65 0.267547
-1.64 0.269293
-1.63 0.271072
-1.62 0.272885
-1.61 0.274733
-1.6 0.27662
-1.59 0.278545
-1.58 0.280511
-1.57 0.282519
-1.56 0.284571
-1.55 0.286669
-1.54 0.288813
-1.53 0.291005
-1.52 0.293247
-1.51 0.29554
-1.5 0.297886
-1.49 0.300286
-1.48 0.302741
-1.47 0.305252
-1.46 0.307821
-1.45 0.31045
-1.44 0.313138
-1.43 0.315888
-1.42 0.318701
-1.41 0.321577
-1.4 0.324517
-1.39 0.327523
-1.38 0.330595
-1.37 0.333735
-1.36 0.336943
-1.35 0.34022
-1.34 0.343566
-1.33 0.346983
-1.32 0.35047
-1.31 0.354029
-1.3 0.35766
-1.29 0.361363
-1.28 0.36514
-1.27 0.368989
-1.26 0.372911
-1.25 0.376907
-1.24 0.380977
-1.23 0.385121
-1.22 0.389338
-1.21 0.393629
-1.2 0.397993
-1.19 0.402431
-1.18 0.406943
-1.17 0.411527
-1.16 0.416183
-1.15 0.420912
-1.14 0.425713
-1.13 0.430584
-1.12 0.435526
-1.11 0.440537
-1.1 0.445617
-1.09 0.450766
-1.08 0.455982
-1.07 0.461264
-1.06 0.466611
-1.05 0.472022
-1.04 0.477497
-1.03 0.483033
-1.02 0.48863
-1.01 0.494286
-1 0.5
-0.99 0.50577
-0.98 0.511596
-0.97 0.517474
-0.96 0.523404
-0.95 0.529385
-0.94 0.535413
-0.93 0.541489
-0.92 0.547608
-0.91 0.553771
-0.9 0.559974
-0.89 0.566216
-0.88 0.572495
-0.87 0.578809
-0.86 0.585155
-0.85 0.591532
-0.84 0.597936
-0.83 0.604367
-0.82 0.610821
-0.81 0.617296
-0.8 0.623791
-0.79 0.630301
-0.78 0.636826
-0.77 0.643361
-0.76 0.649906
-0.75 0.656457
-0.74 0.663012
-0.73 0.669568
-0.72 0.676123
-0.71 0.682673
-0.7 0.689217
-0.69 0.695751
-0.68 0.702273
-0.67 0.708779
-0.66 0.715269
-0.65 0.721737
-0.64 0.728183
-0.63 0.734602
-0.62 0.740993
-0.61 0.747352
-0.6 0.753676
-0.59 0.759963
-0.58 0.766211
-0.57 0.772415
-0.56 0.778574
-0.55 0.784685
-0.54 0.790744
-0.53 0.79675
-0.52 0.802699
-0.51 0.808588
-0.5 0.814416
-0.49 0.820178
-0.48 0.825873
-0.47 0.831498
-0.46 0.83705
-0.45 0.842527
-0.44 0.847925
-0.43 0.853243
-0.42 0.858478
-0.41 0.863627
-0.4 0.868688
-0.39 0.873658
-0.38 0.878536
-0.37 0.883318
-0.36 0.888002
-0.35 0.892587
-0.34 0.89707
-0.33 0.901448
-0.32 0.905719
-0.31 0.909882
-0.3 0.913935
-0.29 0.917875
-0.28 0.9217
-0.27 0.925409
-0.26 0.928999
-0.25 0.93247
-0.24 0.935818
-0.23 0.939043
-0.22 0.942143
-0.21 0.945117
-0.2 0.947962
-0.19 0.950678
-0.18 0.953263
-0.17 0.955715
-0.16 0.958034
-0.15 0.960219
-0.14 0.962267
-0.13 0.964179
-0.12 0.965954
-0.11 0.967589
-0.1 0.969086
-0.09 0.970442
-0.08 0.971657
-0.07 0.97273
-0.06 0.973662
-0.05 0.974451
-0.04 0.975097
-0.03 0.9756
-0.02 0.975959
-0.01 0.976175
-6.23078e-14 0.976247
0.01 0.976175
0.02 0.975959
0.03 0.9756
0.04 0.975097
0.05 0.974451
0.06 0.973662
0.07 0.97273
0.08 0.971657
0.09 0.970442
0.1 0.969086
0.11 0.967589
0.12 0.965954
0.13 0.964179
0.14 0.962267
0.15 0.960219
0.16 0.958034
0.17 0.955715
0.18 0.953263
0.19 0.950678
0.2 0.947962
0.21 0.945117
0.22 0.942143
0.23 0.939043
0.24 0.935818
0.25 0.93247
0.26 0.928999
0.27 0.925409
0.28 0.9217
0.29 0.917875
0.3 0.913935
0.31 0.909882
0.32 0.905719
0.33 0.901448
0.34 0.89707
0.35 0.892587
0.36 0.888002
0.37 0.883318
0.38 0.878536
0.39 0.873658
0.4 0.868688
0.41 0.863627
0.42 0.858478
0.43 0.853243
0.44 0.847925
0.45 0.842527
0.46 0.83705
0.47 0.831498
0.48 0.825873
0.49 0.820178
0.5 0.814416
0.51 0.808588
0.52 0.802699
0.53 0.79675
0.54 0.790744
0.55 0.784685
0.56 0.778574
0.57 0.772415
0.58 0.766211
0.59 0.759963
0.6 0.753676
0.61 0.747352
0.62 0.740993
0.63 0.734602
0.64 0.728183
0.65 0.721737
0.66 0.715269
0.67 0.708779
0.68 0.702273
0.69 0.695751
0.7 0.689217
0.71 0.682673
0.72 0.676123
0.73 0.669568
0.74 0.663012
0.75 0.656457
0.76 0.649906
0.77 0.643361
0.78 0.636826
0.79 0.630301
0.8 0.623791
0.81 0.617296
0.82 0.610821
0.83 0.604367
0.84 0.597936
0.85 0.591532
0.86 0.585155
0.87 0.578809
0.88 0.572495
0.89 0.566216
0.9 0.559974
0.91 0.553771
0.92 0.547608
0.93 0.541489
0.94 0.535413
0.95 0.529385
0.96 0.523404
0.97 0.517474
0.98 0.511596
0.99 0.50577
1 0.5
1.01 0.494286
1.02 0.48863
1.03 0.483033
1.04 0.477497
1.05 0.472022
1.06 0.466611
1.07 0.461264
1.08 0.455982
1.09 0.450766
1.1 0.445617
1.11 0.440537
1.12 0.435526
1.13 0.430584
1.14 0.425713
1.15 0.420912
1.16 0.416183
1.17 0.411527
1.18 0.406943
1.19 0.402431
1.2 0.397993
1.21 0.393629
1.22 0.389338
1.23 0.385121
1.24 0.380977
1.25 0.376907
1.26 0.372911
1.27 0.368989
1.28 0.36514
1.29 0.361363
1.3 0.35766
1.31 0.354029
1.32 0.35047
1.33 0.346983
1.34 0.343566
1.35 0.34022
1.36 0.336943
1.37 0.333735
1.38 0.330595
1.39 0.327523
1.4 0.324517
1.41 0.321577
1.42 0.318701
1.43 0.315888
1.44 0.313138
1.45 0.31045
1.46 0.307821
1.47 0.305252
1.48 0.302741
1.49 0.300286
1.5 0.297886
1.51 0.29554
1.52 0.293247
1.53 0.291005
1.54 0.288813
1.55 0.286669
1.56 0.284571
1.57 0.282519
1.58 0.280511
1.59 0.278545
1.6 0.27662
1.61 0.274733
1.62 0.272885
1.63 0.271072
1.64 0.269293
1.65 0.267547
1.66 0.265833
1.67 0.264147
1.68 0.26249
1.69 0.260858
1.7 0.259251
1.71 0.257667
1.72 0.256105
1.73 0.254561
1.74 0.253036
1.75 0.251528
1.76 0.250034
1.77 0.248554
1.78 0.247086
1.79 0.245628
1.8 0.244179
1.81 0.242737
1.82 0.241301
1.83 0.239869
1.84 0.238441
1.85 0.237014
1.86 0.235588
1.87 0.234161
1.88 0.232732
1.89 0.231299
1.9 0.229862
1.91 0.22842
1.92 0.226971
1.93 0.225514
1.94 0.224048
1.95 0.222573
1.96 0.221087
1.97 0.21959
1.98 0.218081
1.99 0.216558
2 0.215022
2.01 0.213472
2.02 0.211908
2.03 0.210328
2.04 0.208732
2.05 0.20712
2.06 0.205492
2.07 0.203847
2.08 0.202185
2.09 0.200506
2.1 0.19881
2.11 0.197096
2.12 0.195366
2.13 0.193619
2.14 0.191855
2.15 0.190074
2.16 0.188277
2.17 0.186464
2.18 0.184635
2.19 0.182792
2.2 0.180934
2.21 0.179062
2.22 0.177177
2.23 0.17528
2.24 0.173371
2.25 0.171451
2.26 0.169521
2.27 0.167583
2.28 0.165637
2.29 0.163684
2.3 0.161725
2.31 0.159762
2.32 0.157796
2.33 0.155829
2.34 0.15386
2.35 0.151893
2.36 0.149928
2.37 0.147966
2.38 0.14601
2.39 0.144061
2.4 0.14212
2.41 0.14019
2.42 0.138271
2.43 0.136366
2.44 0.134475
2.45 0.132602
2.46 0.130747
2.47 0.128913
2.48 0.127101
2.49 0.125313
2.5 0.123551
2.51 0.121817
2.52 0.120111
2.53 0.118438
2.54 0.116797
2.55 0.115191
2.56 0.113622
2.57 0.112092
2.58 0.110601
2.59 0.109153
2.6 0.107748
2.61 0.106389
2.62 0.105077
2.63 0.103813
2.64 0.1026
2.65 0.101439
2.66 0.100331
2.67 0.0992771
2.68 0.0982798
2.69 0.09734
2.7 0.0964588
2.71 0.0956375
2.72 0.0948772
2.73 0.094179
2.74 0.0935439
2.75 0.0929727
2.76 0.0924662
2.77 0.0920252
2.78 0.0916503
2.79 0.091342
2.8 0.0911008
2.81 0.0909269
2.82 0.0908207
2.83 0.0907821
2.84 0.0908112
2.85 0.0909079
2.86 0.091072
2.87 0.091303
2.88 0.0916005
2.89 0.0919639
2.9 0.0923925
2.91 0.0928853
2.92 0.0934414
2.93 0.0940596
2.94 0.0947386
2.95 0.095477
2.96 0.0962732
2.97 0.0971256
2.98 0.0980322
2.99 0.098991
3 0.1
3.01 0.101057
3.02 0.102159
3.03 0.103304
3.04 0.104489
3.05 0.105711
3.06 0.106967
3.07 0.108254
3.08 0.109569
3.09 0.110908
3.1 0.112267
3.11 0.113643
3.12 0.115032
3.13 0.11643
3.14 0.117833
3.15 0.119236
3.16 0.120635
3.17 0.122025
3.18 0.123402
3.19 0.124761
3.2 0.126097
3.21 0.127406
3.22 0.128682
3.23 0.129919
3.24 0.131113
3.25 0.132259
3.26 0.13335
3.27 0.134382
3.28 0.135349
3.29 0.136245
3.3 0.137064
3.31 0.137802
3.32 0.138453
3.33 0.13901
3.34 0.139468
3.35 0.139822
3.36 0.140065
3.37 0.140192
3.38 0.140198
3.39 0.140078
3.4 0.139824
3.41 0.139433
3.42 0.138899
3.43 0.138217
3.44 0.137382
3.45 0.136388
3.46 0.135232
3.47 0.133908
3.48 0.132413
3.49 0.130742
3.5 0.128891
3.51 0.126856
3.52 0.124634
3.53 0.122222
3.54 0.119616
3.55 0.116815
3.56 0.113815
3.57 0.110616
3.58 0.107214
3.59 0.10361
3.6 0.0998026
3.61 0.0957907
3.62 0.0915748
3.63 0.0871554
3.64 0.0825334
3.65 0.0777104
3.66 0.0726882
3.67 0.0674695
3.68 0.0620574
3.69 0.0564554
3.7 0.0506679
3.71 0.0446997
3.72 0.0385563
3.73 0.0322438
3.74 0.0257692
3.75 0.0191398
3.76 0.012364
3.77 0.00545064
3.78 -0.00159058
3.79 -0.0087492
3.8 -0.016014
3.81 -0.023373
3.82 -0.0308133
3.83 -0.0383214
3.84 -0.0458827
3.85 -0.053482
3.86 -0.0611031
3.87 -0.0687289
3.88 -0.0763416
3.89 -0.0839224
3.9 -0.0914516
3.91 -0.0989087
3.92 -0.106272
3.93 -0.11352
3.94 -0.120628
3.95 -0.127573
3.96 -0.134329
3.97 -0.140872
3.98 -0.147172
3.99 -0.153205
4 -0.158939
4.01 -0.164347
4.02 -0.169398
4.03 -0.174061
4.04 -0.178304
4.05 -0.182094
4.06 -0.185399
4.07 -0.188184
4.08 -0.190414
4.09 -0.192055
4.1 -0.19307
4.11 -0.193423
4.12 -0.193077
4.13 -0.191994
4.14 -0.190138
4.15 -0.187469
4.16 -0.183951
4.17 -0.179543
4.18 -0.174209
4.19 -0.167908
4.2 -0.160604
4.21 -0.152257
4.22 -0.14283
4.23 -0.132285
4.24 -0.120585
4.25 -0.107694
4.26 -0.0935759
4.27 -0.0781963
4.28 -0.0615215
4.29 -0.0435189
4.3 -0.0241574
4.31 -0.00340742
4.32 0.0187589
4.33 0.0423675
4.34 0.0674424
4.35 0.0940052
4.36 0.122075
4.37 0.151668
4.38 0.182798
4.39 0.215474
4.4 0.249704
4.41 0.285491
4.42 0.322833
4.43 0.361725
4.44 0.402156
4.45 0.444112
4.46 0.487573
4.47 0.532511
4.48 0.578896
4.49 0.626689
4.5 0.675844
4.51 0.726309
4.52 0.778023
4.53 0.830919
4.54 0.88492
4.55 0.93994
4.56 0.995883
4.57 1.05264
4.58 1.11011
4.59 1.16815
4.6 1.22662
4.61 1.28538
4.62 1.34425
4.63 1.40307
4.64 1.46164
4.65 1.51976
4.66 1.57719
4.67 1.6337
4.68 1.68904
4.69 1.74292
4.7 1.79506
4.71 1.84514
4.72 1.89283
4.73 1.93778
4.74 1.97959
4.75 2.01789
4.76 2.05222
4.77 2.08216
4.78 2.10721
4.79 2.12688
4.8 2.14063
4.81 2.14789
4.82 2.14807
4.83 2.14054
4.84 2.12464
4.85 2.09967
4.86 2.0649
4.87 2.01956
4.88 1.96284
4.89 1.89388
4.9 1.81179
4.91 1.71564
4.92 1.60444
4.93 1.47715
4.94 1.33271
4.95 1.16996
4.96 0.987746
4.97 0.784812
4.98 0.559866
4.99 0.311554
5 0.0384615


-5 0.0384615
-4.99 -11.3064
-4.98 -21.0944
-4.97 -29.4657
-4.96 -36.5507
-4.95 -42.4705
-4.94 -47.3372
-4.93 -51.2547
-4.92 -54.3193
-4.91 -56.6197
-4.9 -58.2381
-4.89 -59.2501
-4.88 -59.7254
-4.87 -59.7279
-4.86 -59.3164
-4.85 -58.5447
-4.84 -57.4622
-4.83 -56.1137
-4.82 -54.5403
-4.81 -52.7793
-4.8 -50.8644
-4.79 -48.8263
-4.78 -46.6924
-4.77 -44.4877
-4.76 -42.2344
-4.75 -39.9524
-4.74 -37.6594
-4.73 -35.371
-4.72 -33.1009
-4.71 -30.8613
-4.7 -28.6626
-4.69 -26.5138
-4.68 -24.4226
-4.67 -22.3955
-4.66 -20.4378
-4.65 -18.5539
-4.64 -16.7473
-4.63 -15.0205
-4.62 -13.3754
-4.61 -11.8132
-4.6 -10.3345
-4.59 -8.93933
-4.58 -7.62724
-4.57 -6.3974
-4.56 -5.24858
-4.55 -4.17924
-4.54 -3.18753
-4.53 -2.2714
-4.52 -1.42858
-4.51 -0.656618
-4.5 0.0470588
-4.49 0.68514
-4.48 1.2604
-4.47 1.77567
-4.46 2.23383
-4.45 2.63777
-4.44 2.9904
-4.43 3.2946
-4.42 3.55323
-4.41 3.76913
-4.4 3.94507
-4.39 4.08378
-4.38 4.18791
-4.37 4.26005
-4.36 4.3027
-4.35 4.3183
-4.34 4.30919
-4.33 4.2776
-4.32 4.2257
-4.31 4.15556
-4.3 4.06913
-4.29 3.9683
-4.28 3.85483
-4.27 3.73041
-4.26 3.59662
-4.25 3.45496
-4.24 3.30682
-4.23 3.15351
-4.22 2.99626
-4.21 2.83619
-4.2 2.67436
-4.19 2.51173
-4.18 2.34919
-4.17 2.18757
-4.16 2.02759
-4.15 1.86993
-4.14 1.71519
-4.13 1.56391
-4.12 1.41656
-4.11 1.27357
-4.1 1.13531
-4.09 1.00207
-4.08 0.874132
-4.07 0.751705
-4.06 0.634962
-4.05 0.524038
-4.04 0.419026
-4.03 0.319986
-4.02 0.226946
-4.01 0.139902
-4 0.0588235
-3.99 -0.0163447
-3.98 -0.0856819
-3.97 -0.149288
-3.96 -0.20728
-3.95 -0.259795
-3.94 -0.306982
-3.93 -0.349003
-3.92 -0.386034
-3.91 -0.418258
-3.9 -0.445868
-3.89 -0.469061
-3.88 -0.488042
-3.87 -0.503019
-3.86 -0.514203
-3.85 -0.521807
-3.84 -0.526044
-3.83 -0.527126
-3.82 -0.525266
-3.81 -0.520673
-3.8 -0.513554
-3.79 -0.504113
-3.78 -0.492551
-3.77 -0.47906
-3.76 -0.463833
-3.75 -0.447052
-3.74 -0.428897
-3.73 -0.40954
-3.72 -0.389146
-3.71 -0.367875
-3.7 -0.345879
-3.69 -0.323303
-3.68 -0.300284
-3.67 -0.276954
-3.66 -0.253435
-3.65 -0.229844
-3.64 -0.206289
-3.63 -0.182871
-3.62 -0.159685
-3.61 -0.136817
-3.6 -0.114348
-3.59 -0.0923508
-3.58 -0.0708921
-3.57 -0.0500319
-3.56 -0.0298239
-3.55 -0.0103155
-3.54 0.0084516
-3.53 0.0264416
-3.52 0.0436241
-3.51 0.0599742
-3.5 0.0754717
-3.49 0.0901015
-3.48 0.103853
-3.47 0.11672
-3.46 0.1287
-3.45 0.139794
-3.44 0.150009
-3.43 0.159352
-3.42 0.167835
-3.41 0.175473
-3.4 0.182283
-3.39 0.188285
-3.38 0.1935
-3.37 0.197953
-3.36 0.201668
-3.35 0.204674
-3.34 0.206998
-3.33 0.208671
-3.32 0.209724
-3.31 0.210187
-3.3 0.210093
-3.29 0.209475
-3.28 0.208365
-3.27 0.206798
-3.26 0.204806
-3.25 0.202423
-3.24 0.199681
-3.23 0.196613
-3.22 0.193252
-3.21 0.189629
-3.2 0.185775
-3.19 0.181721
-3.18 0.177497
-3.17 0.17313
-3.16 0.16865
-3.15 0.164082
-3.14 0.159453
-3.13 0.154788
-3.12 0.15011
-3.11 0.145441
-3.1 0.140804
-3.09 0.136219
-3.08 0.131703
-3.07 0.127276
-3.06 0.122954
-3.05 0.118752
-3.04 0.114684
-3.03 0.110764
-3.02 0.107003
-3.01 0.103412
-3 0.1
-2.99 0.0967757
-2.98 0.0937462
-2.97 0.0909176
-2.96 0.0882952
-2.95 0.0858829
-2.94 0.0836839
-2.93 0.0817002
-2.92 0.0799332
-2.91 0.0783832
-2.9 0.0770498
-2.89 0.0759316
-2.88 0.0750267
-2.87 0.0743323
-2.86 0.0738452
-2.85 0.0735612
-2.84 0.0734758
-2.83 0.073584
-2.82 0.07388
-2.81 0.074358
-2.8 0.0750113
-2.79 0.0758332
-2.78 0.0768166
-2.77 0.077954
-2.76 0.0792377
-2.75 0.08066
-2.74 0.0822127
-2.73 0.0838878
-2.72 0.0856769
-2.71 0.0875717
-2.7 0.089564
-2.69 0.0916453
-2.68 0.0938074
-2.67 0.096042
-2.66 0.0983409
-2.65 0.100696
-2.64 0.1031
-2.63 0.105545
-2.62 0.108022
-2.61 0.110526
-2.6 0.113048
-2.59 0.115582
-2.58 0.118122
-2.57 0.120661
-2.56 0.123192
-2.55 0.125711
-2.54 0.128211
-2.53 0.130688
-2.52 0.133136
-2.51 0.135552
-2.5 0.137931
-2.49 0.140269
-2.48 0.142563
-2.47 0.144809
-2.46 0.147005
-2.45 0.149149
-2.44 0.151237
-2.43 0.153268
-2.42 0.155241
-2.41 0.157155
-2.4 0.159008
-2.39 0.160799
-2.38 0.16253
-2.37 0.164199
-2.36 0.165806
-2.35 0.167353
-2.34 0.16884
-2.33 0.170268
-2.32 0.171639
-2.31 0.172953
-2.3 0.174212
-2.29 0.175419
-2.28 0.176575
-2.27 0.177683
-2.26 0.178744
-2.25 0.179763
-2.24 0.18074
-2.23 0.181679
-2.22 0.182583
-2.21 0.183455
-2.2 0.184298
-2.19 0.185115
-2.18 0.185909
-2.17 0.186684
-2.16 0.187442
-2.15 0.188187
-2.14 0.188923
-2.13 0.189652
-2.12 0.190379
-2.11 0.191105
-2.1 0.191836
-2.09 0.192572
-2.08 0.193319
-2.07 0.194078
-2.06 0.194854
-2.05 0.195648
-2.04 0.196464
-2.03 0.197305
-2.02 0.198173
-2.01 0.19907
-2 0.2
-1.99 0.200964
-1.98 0.201966
-1.97 0.203006
-1.96 0.204087
-1.95 0.205212
-1.94 0.20638
-1.93 0.207595
-1.92 0.208858
-1.91 0.21017
-1.9 0.211532
-1.89 0.212946
-1.88 0.214412
-1.87 0.215931
-1.86 0.217504
-1.85 0.219131
-1.84 0.220814
-1.83 0.222552
-1.82 0.224345
-1.81 0.226194
-1.8 0.228098
-1.79 0.230058
-1.78 0.232073
-1.77 0.234143
-1.76 0.236268
-1.75 0.238446
-1.74 0.240678
-1.73 0.242962
-1.72 0.245298
-1.71 0.247685
-1.7 0.250123
-1.69 0.252609
-1.68 0.255144
-1.67 0.257726
-1.66 0.260353
-1.65 0.263026
-1.64 0.265743
-1.63 0.268502
-1.62 0.271302
-1.61 0.274142
-1.6 0.277022
-1.59 0.279939
-1.58 0.282892
-1.57 0.285881
-1.56 0.288904
-1.55 0.291959
-1.54 0.295047
-1.53 0.298165
-1.52 0.301313
-1.51 0.304489
-1.5 0.307692
-1.49 0.310923
-1.48 0.314178
-1.47 0.317459
-1.46 0.320764
-1.45 0.324092
-1.44 0.327443
-1.43 0.330816
-1.42 0.334211
-1.41 0.337627
-1.4 0.341064
-1.39 0.344521
-1.38 0.347998
-1.37 0.351496
-1.36 0.355014
-1.35 0.358552
-1.34 0.36211
-1.33 0.365688
-1.32 0.369287
-1.31 0.372907
-1.3 0.376548
-1.29 0.380211
-1.28 0.383897
-1.27 0.387605
-1.26 0.391337
-1.25 0.395093
-1.24 0.398874
-1.23 0.402682
-1.22 0.406516
-1.21 0.410379
-1.2 0.41427
-1.19 0.418191
-1.18 0.422144
-1.17 0.426128
-1.16 0.430146
-1.15 0.434199
-1.14 0.438288
-1.13 0.442413
-1.12 0.446577
-1.11 0.450781
-1.1 0.455026
-1.09 0.459313
-1.08 0.463643
-1.07 0.468019
-1.06 0.47244
-1.05 0.476908
-1.04 0.481425
-1.03 0.485992
-1.02 0.490609
-1.01 0.495278
-1 0.5
-0.99 0.504776
-0.98 0.509606
-0.97 0.514493
-0.96 0.519436
-0.95 0.524436
-0.94 0.529493
-0.93 0.53461
-0.92 0.539785
-0.91 0.545019
-0.9 0.550314
-0.89 0.555668
-0.88 0.561081
-0.87 0.566555
-0.86 0.572089
-0.85 0.577682
-0.84 0.583334
-0.83 0.589046
-0.82 0.594815
-0.81 0.600642
-0.8 0.606525
-0.79 0.612465
-0.78 0.618459
-0.77 0.624506
-0.76 0.630605
-0.75 0.636755
-0.74 0.642954
-0.73 0.649201
-0.72 0.655492
-0.71 0.661827
-0.7 0.668203
-0.69 0.674619
-0.68 0.68107
-0.67 0.687556
-0.66 0.694073
-0.65 0.700619
-0.64 0.707191
-0.63 0.713785
-0.62 0.720399
-0.61 0.727029
-0.6 0.733672
-0.59 0.740324
-0.58 0.746983
-0.57 0.753643
-0.56 0.760302
-0.55 0.766956
-0.54 0.7736
-0.53 0.780231
-0.52 0.786844
-0.51 0.793435
-0.5 0.8
-0.49 0.806535
-0.48 0.813035
-0.47 0.819496
-0.46 0.825913
-0.45 0.832282
-0.44 0.838598
-0.43 0.844857
-0.42 0.851054
-0.41 0.857184
-0.4 0.863244
-0.39 0.869227
-0.38 0.87513
-0.37 0.880948
-0.36 0.886676
-0.35 0.89231
-0.34 0.897845
-0.33 0.903277
-0.32 0.908601
-0.31 0.913813
-0.3 0.918908
-0.29 0.923883
-0.28 0.928733
-0.27 0.933453
-0.26 0.93804
-0.25 0.94249
-0.24 0.946799
-0.23 0.950964
-0.22 0.954979
-0.21 0.958843
-0.2 0.962551
-0.19 0.9661
-0.18 0.969488
-0.17 0.97271
-0.16 0.975764
-0.15 0.978648
-0.14 0.981358
-0.13 0.983892
-0.12 0.986248
-0.11 0.988424
-0.1 0.990418
-0.09 0.992227
-0.08 0.99385
-0.07 0.995286
-0.06 0.996533
-0.05 0.99759
-0.04 0.998457
-0.03 0.999131
-0.02 0.999614
-0.01 0.999903
-6.23078e-14 1
0.01 0.999903
0.02 0.999614
0.03 0.999131
0.04 0.998457
0.05 0.99759
0.06 0.996533
0.07 0.995286
0.08 0.99385
0.09 0.992227
0.1 0.990418
0.11 0.988424
0.12 0.986248
0.13 0.983892
0.14 0.981358
0.15 0.978648
0.16 0.975764
0.17 0.97271
0.18 0.969488
0.19 0.9661
0.2 0.962551
0.21 0.958843
0.22 0.954979
0.23 0.950964
0.24 0.946799
0.25 0.94249
0.26 0.93804
0.27 0.933453
0.28 0.928733
0.29 0.923883
0.3 0.918908
0.31 0.913813
0.32 0.908601
0.33 0.903277
0.34 0.897845
0.35 0.89231
0.36 0.886676
0.37 0.880948
0.38 0.87513
0.39 0.869227
0.4 0.863244
0.41 0.857184
0.42 0.851054
0.43 0.844857
0.44 0.838598
0.45 0.832282
0.46 0.825913
0.47 0.819496
0.48 0.813035
0.49 0.806535
0.5 0.8
0.51 0.793435
0.52 0.786844
0.53 0.780231
0.54 0.7736
0.55 0.766956
0.56 0.760302
0.57 0.753643
0.58 0.746983
0.59 0.740324
0.6 0.733672
0.61 0.727029
0.62 0.720399
0.63 0.713785
0.64 0.707191
0.65 0.700619
0.66 0.694073
0.67 0.687556
0.68 0.68107
0.69 0.674619
0.7 0.668203
0.71 0.661827
0.72 0.655492
0.73 0.649201
0.74 0.642954
0.75 0.636755
0.76 0.630605
0.77 0.624506
0.78 0.618459
0.79 0.612465
0.8 0.606525
0.81 0.600642
0.82 0.594815
0.83 0.589046
0.84 0.583334
0.85 0.577682
0.86 0.572089
0.87 0.566555
0.88 0.561081
0.89 0.555668
0.9 0.550314
0.91 0.545019
0.92 0.539785
0.93 0.53461
0.94 0.529493
0.95 0.524436
0.96 0.519436
0.97 0.514493
0.98 0.509606
0.99 0.504776
1 0.5
1.01 0.495278
1.02 0.490609
1.03 0.485992
1.04 0.481425
1.05 0.476908
1.06 0.47244
1.07 0.468019
1.08 0.463643
1.09 0.459313
1.1 0.455026
1.11 0.450781
1.12 0.446577
1.13 0.442413
1.14 0.438288
1.15 0.434199
1.16 0.430146
1.17 0.426128
1.18 0.422144
1.19 0.418191
1.2 0.41427
1.21 0.410379
1.22 0.406516
1.23 0.402682
1.24 0.398874
1.25 0.395093
1.26 0.391337
1.27 0.387605
1.28 0.383897
1.29 0.380211
1.3 0.376548
1.31 0.372907
1.32 0.369287
1.33 0.365688
1.34 0.36211
1.35 0.358552
1.36 0.355014
1.37 0.351496
1.38 0.347998
1.39 0.344521
1.4 0.341064
1.41 0.337627
1.42 0.334211
1.43 0.330816
1.44 0.327443
1.45 0.324092
1.46 0.320764
1.47 0.317459
1.48 0.314178
1.49 0.310923
1.5 0.307692
1.51 0.304489
1.52 0.301313
1.53 0.298165
1.54 0.295047
1.55 0.291959
1.56 0.288904
1.57 0.285881
1.58 0.282892
1.59 0.279939
1.6 0.277022
1.61 0.274142
1.62 0.271302
1.63 0.268502
1.64 0.265743
1.65 0.263026
1.66 0.260353
1.67 0.257726
1.68 0.255144
1.69 0.252609
1.7 0.250123
1.71 0.247685
1.72 0.245298
1.73 0.242962
1.74 0.240678
1.75 0.238446
1.76 0.236268
1.77 0.234143
1.78 0.232073
1.79 0.230058
1.8 0.228098
1.81 0.226194
1.82 0.224345
1.83 0.222552
1.84 0.220814
1.85 0.219131
1.86 0.217504
1.87 0.215931
1.88 0.214412
1.89 0.212946
1.9 0.211532
1.91 0.21017
1.92 0.208858
1.93 0.207595
1.94 0.20638
1.95 0.205212
1.96 0.204087
1.97 0.203006
1.98 0.201966
1.99 0.200964
2 0.2
2.01 0.19907
2.02 0.198173
2.03 0.197305
2.04 0.196464
2.05 0.195648
2.06 0.194854
2.07 0.194078
2.08 0.193319
2.09 0.192572
2.1 0.191836
2.11 0.191105
2.12 0.190379
2.13 0.189652
2.14 0.188923
2.15 0.188187
2.16 0.187442
2.17 0.186684
2.18 0.185909
2.19 0.185115
2.2 0.184298
2.21 0.183455
2.22 0.182583
2.23 0.181679
2.24 0.18074
2.25 0.179763
2.26 0.178744
2.27 0.177683
2.28 0.176575
2.29 0.175419
2.3 0.174212
2.31 0.172953
2.32 0.171639
2.33 0.170268
2.34 0.16884
2.35 0.167353
2.36 0.165806
2.37 0.164199
2.38 0.16253
2.39 0.160799
2.4 0.159008
2.41 0.157155
2.42 0.155241
2.43 0.153268
2.44 0.151237
2.45 0.149149
2.46 0.147005
2.47 0.144809
2.48 0.142563
2.49 0.140269
2.5 0.137931
2.51 0.135552
2.52 0.133136
2.53 0.130688
2.54 0.128211
2.55 0.125711
2.56 0.123192
2.57 0.120661
2.58 0.118122
2.59 0.115582
2.6 0.113048
2.61 0.110526
2.62 0.108022
2.63 0.105545
2.64 0.1031
2.65 0.100696
2.66 0.0983409
2.67 0.096042
2.68 0.0938074
2.69 0.0916453
2.7 0.089564
2.71 0.0875717
2.72 0.0856769
2.73 0.0838878
2.74 0.0822127
2.75 0.08066
2.76 0.0792377
2.77 0.077954
2.78 0.0768166
2.79 0.0758332
2.8 0.0750113
2.81 0.074358
2.82 0.07388
2.83 0.073584
2.84 0.0734758
2.85 0.0735612
2.86 0.0738452
2.87 0.0743323
2.88 0.0750267
2.89 0.0759316
2.9 0.0770498
2.91 0.0783832
2.92 0.0799332
2.93 0.0817002
2.94 0.0836839
2.95 0.0858829
2.96 0.0882952
2.97 0.0909176
2.98 0.0937462
2.99 0.0967757
3 0.1
3.01 0.103412
3.02 0.107003
3.03 0.110764
3.04 0.114684
3.05 0.118752
3.06 0.122954
3.07 0.127276
3.08 0.131703
3.09 0.136219
3.1 0.140804
3.11 0.145441
3.12 0.15011
3.13 0.154788
3.14 0.159453
3.15 0.164082
3.16 0.16865
3.17 0.17313
3.18 0.177497
3.19 0.181721
3.2 0.185775
3.21 0.189629
3.22 0.193252
3.23 0.196613
3.24 0.199681
3.25 0.202423
3.26 0.204806
3.27 0.206798
3.28 0.208365
3.29 0.209475
3.3 0.210093
3.31 0.210187
3.32 0.209724
3.33 0.208671
3.34 0.206998
3.35 0.204674
3.36 0.201668
3.37 0.197953
3.38 0.1935
3.39 0.188285
3.4 0.182283
3.41 0.175473
3.42 0.167835
3.43 0.159352
3.44 0.150009
3.45 0.139794
3.46 0.1287
3.47 0.11672
3.48 0.103853
3.49 0.0901015
3.5 0.0754717
3.51 0.0599742
3.52 0.0436241
3.53 0.0264416
3.54 0.0084516
3.55 -0.0103155
3.56 -0.0298239
3.57 -0.0500319
3.58 -0.0708921
3.59 -0.0923508
3.6 -0.114348
3.61 -0.136817
3.62 -0.159685
3.63 -0.182871
3.64 -0.206289
3.65 -0.229844
3.66 -0.253435
3.67 -0.276954
3.68 -0.300284
3.69 -0.323303
3.7 -0.345879
3.71 -0.367875
3.72 -0.389146
3.73 -0.40954
3.74 -0.428897
3.75 -0.447052
3.76 -0.463833
3.77 -0.47906
3.78 -0.492551
3.79 -0.504113
3.8 -0.513554
3.81 -0.520673
3.82 -0.525266
3.83 -0.527126
3.84 -0.526044
3.85 -0.521807
3.86 -0.514203
3.87 -0.503019
3.88 -0.488042
3.89 -0.469061
3.9 -0.445868
3.91 -0.418258
3.92 -0.386034
3.93 -0.349003
3.94 -0.306982
3.95 -0.259795
3.96 -0.20728
3.97 -0.149288
3.98 -0.0856819
3.99 -0.0163447
4 0.0588235
4.01 0.139902
4.02 0.226946
4.03 0.319986
4.04 0.419026
4.05 0.524038
4.06 0.634962
4.07 0.751705
4.08 0.874132
4.09 1.00207
4.1 1.13531
4.11 1.27357
4.12 1.41656
4.13 1.56391
4.14 1.71519
4.15 1.86993
4.16 2.02759
4.17 2.18757
4.18 2.34919
4.19 2.51173
4.2 2.67436
4.21 2.83619
4.22 2.99626
4.23 3.15351
4.24 3.30682
4.25 3.45496
4.26 3.59662
4.27 3.73041
4.28 3.85483
4.29 3.9683
4.3 4.06913
4.31 4.15556
4.32 4.2257
4.33 4.2776
4.34 4.30919
4.35 4.3183
4.36 4.3027
4.37 4.26005
4.38 4.18791
4.39 4.08378
4.4 3.94507
4.41 3.76913
4.42 3.55323
4.43 3.2946
4.44 2.9904
4.45 2.63777
4.46 2.23383
4.47 1.77567
4.48 1.2604
4.49 0.68514
4.5 0.0470588
4.51 -0.656618
4.52 -1.42858
4.53 -2.2714
4.54 -3.18753
4.55 -4.17924
4.56 -5.24858
4.57 -6.3974
4.58 -7.62724
4.59 -8.93933
4.6 -10.3345
4.61 -11.8132
4.62 -13.3754
4.63 -15.0205
4.64 -16.7473
4.65 -18.5539
4.66 -20.4378
4.67 -22.3955
4.68 -24.4226
4.69 -26.5138
4.7 -28.6626
4.71 -30.8613
4.72 -33.1009
4.73 -35.371
4.74 -37.6594
4.75 -39.9524
4.76 -42.2344
4.77 -44.4877
4.78 -46.6924
4.79 -48.8263
4.8 -50.8644
4.81 -52.7793
4.82 -54.5403
4.83 -56.1137
4.84 -57.4622
4.85 -58.5447
4.86 -59.3164
4.87 -59.7279
4.88 -59.7254
4.89 -59.2501
4.9 -58.2381
4.91 -56.6197
4.92 -54.3193
4.93 -51.2547
4.94 -47.3372
4.95 -42.4705
4.96 -36.5507
4.97 -29.4657
4.98 -21.0944
4.99 -11.3064
5 0.0384615


