0.919536
0.585127
0.883685
0.618725
0.352353
-0.215391
-0.067748
-0.247126
-0.247126
-0.530198
-0.660962
-0.917745
-0.897193
-0.897193
-0.977423
-0.767229
-0.767229
-0.257374
-0.712402
-0.398912
-0.406352
-0.563556
-0.630691
-0.028236
0.011325
0.011325
0.382172
-0.173430
-0.446256
-0.446256
-0.118469
-0.857766
-0.857766
-0.537798
-0.358037
-0.379730
-0.988478
-0.988478
-0.507430
-0.432422
-0.354476
-0.352002
-0.352002
-0.179966
-0.034469
-0.578127
-0.578127
-0.897363
-0.528505
-0.144156
-0.042496
0.264583
0.216906
-0.216413
0.160393
0.160321
0.415408
0.042896
-0.302497
-0.497551
-0.415437
-0.540297
-0.839507
-0.839507
-0.839507
-0.697742
-0.403245
-0.831465
-0.413567
-0.201956
-0.000680
-0.081515
-0.015433
-0.243568
-0.069789
-0.069789
-0.139939
-0.162935
0.126552
-0.448782
-0.194723
-0.690413
-0.690413
-0.706926
-0.706926
-0.977443
-0.977443
-0.616681
-0.066840
-0.127874
-0.127874
-0.133647
0.451057
0.409764
0.972463
0.736582
0.898935
0.851532
0.097701
0.097701
0.321382
0.338115
0.095771
0.076949
0.217179
0.489080
0.614867
0.718850
0.543086
-0.071989
0.165270
0.165270
0.045545
0.045545
0.045545
0.309817
0.329505
0.528095
0.534150
0.436074
0.356657
-0.033603
0.695009
0.695009
0.349879
0.017159
0.017159
-0.461066
-0.745404
-0.885495
-0.540044
-0.519862
-0.526178
-0.438775
-0.729553
-0.543703
-0.433360
-0.433360
-0.483673
-0.081596
-0.011436
-0.013260
-0.457190
-0.708987
-0.217288
0.579204
0.339679
0.169945
-0.600971
-0.981624
-0.514917
-0.199763
-0.199763
-0.205367
-0.205367
-0.311485
-0.206141
0.319486
0.319486
-0.013180
0.360735
-0.326343
0.260253
0.162124
0.488880
-0.213102
-0.265995
-0.973993
-0.845807
-0.211145
0.008636
-0.043778
0.351551
0.351551
0.299686
-0.003029
-0.744047
-0.530678
-0.487736
-0.987247
-0.538796
-0.250215
-0.539946
-0.385607
-0.169045
0.036264
0.375917
-0.089612
-0.330509
-0.708250
-0.542373
-0.968887
-0.968887
-0.345699
-0.552478
-0.267026
-0.267026
-0.525009
0.295177
0.005447
-0.378480
-0.261672
-0.861064
-0.861064
-0.861064
-0.539106
-0.025142
-0.325812
-0.079850
0.152206
0.003868
0.432392
0.190323
0.320254
0.147914
0.010850
0.434957
-0.009669
0.096730
0.081358
-0.382523
-0.976399
-0.766354
-0.016179
-0.448064
0.403220
0.877106
0.698735
0.404330
-0.161249
0.240135
0.050681
-0.013653
-0.427261
-0.446775
-0.381076
0.069023
0.209035
0.209035
-0.289221
-0.565581
-0.977117
-0.530491
-0.583781
-0.446113
0.195423
0.480690
-0.074926
-0.114874
-0.206317
0.414246
0.352271
-0.079908
0.098711
0.464600
0.037137
0.429625
0.519417
0.275085
0.103595
0.103595
-0.589258
0.140155
0.434968
0.139161
-0.142256
-0.142256
-0.350126
-0.410341
-0.534300
-0.442576
-0.525176
-0.786329
-0.671575
-0.671575
-0.002465
-0.314884
-0.504360
-0.504360
-0.537058
-0.738990
-0.777065
-0.777065
-0.077233
-0.172850
-0.294420
0.430805
0.235953
0.228793
0.330886
-0.037989
0.535165
0.661262
0.509583
0.694314
0.998349
0.713187
0.439172
0.071022
0.071022
-0.034741
-0.067532
-0.114325
-0.631672
-0.977133
-0.851365
-0.851365
-0.664339
-0.916934
-0.916934
-0.207998
-0.508548
-0.196222
-0.196222
-0.761441
-0.761441
-0.761441
-0.775627
-0.775627
-0.671319
-0.620253
-0.745973
-0.272466
-0.217936
-0.209957
-0.049950
0.251836
0.522418
0.175750
0.325400
-0.067255
-0.326319
-0.098172
0.477938
0.320550
-0.008610
0.344664
0.344664
0.396561
0.528945
0.251085
0.191241
0.157879
0.156130
-0.225646
-0.225646
0.090547
0.661494
0.468810
0.095297
0.095297
-0.102428
-0.102428
-0.474804
-0.539191
0.027439
0.159776
-0.173081
-0.173081
-0.173081
-0.221095
-0.221095
-0.573160
-0.573160
-0.594754
-0.304126
-0.355089
-0.399616
-0.399616
-0.847638
-0.447828
-0.447828
-0.447828
0.048340
-0.450738
-0.450738
-0.671214
-0.330599
0.134404
-0.036038
-0.279701
-0.279701
-0.279701
-0.112923
-0.396008
-0.937867
-0.910396
-0.821545
-0.145549
-0.707171
-0.946555
-0.620677
-0.370428
-0.125099
-0.005253
0.341713
-0.102114
-0.102114
0.518214
0.543484
-0.228312
-0.056771
0.026877
0.079471
-0.111194
-0.206480
-0.899467
-0.428750
-0.831396
-0.800588
-0.800588
-0.800588
-0.493916
-0.126632
-0.457417
-0.813512
-0.225974
-0.167586
-0.087148
-0.442709
-0.003021
-0.240831
-0.089963
-0.459863
-0.505182
-0.395119
-0.955554
-0.955554
-0.955554
-0.544012
-0.520568
0.013461
0.263445
0.112301
0.112301
0.115634
-0.307486
0.109271
0.295959
-0.001672
-0.001672
-0.001672
-0.435048
-0.524262
-0.927218
-0.927218
-0.533579
-0.095062
-0.090378
0.096027
-0.176028
0.031830
-0.053196
-0.022648
0.537717
0.059836
-0.042885
-0.369164
-0.369164
-0.295058
-0.311118
0.043490
-0.310366
-0.768383
-0.543451
-0.382167
-0.454139
-0.292500
0.116085
-0.017998
0.364267
0.183043
0.151884
0.151884
0.296739
0.296739
0.295959
0.295959
0.295959
0.206224
-0.296758
0.151374
0.187555
-0.047085
-0.047085
-0.014433
-0.331320
-0.237988
0.347806
0.451781
-0.147759
0.109613
0.467872
-0.210957
-0.441703
-0.409913
-0.367405
-0.775647
-0.528022
-0.654670
-0.181517
-0.181517
0.069183
0.295959
0.295959
-0.101422
-0.205979
0.033144
-0.393161
-0.312922
-0.312922
-0.435784
-0.585987
-0.844195
-0.542039
-0.690241
-0.274536
-0.396171
-0.391562
-0.949513
-0.949513
-0.949513
-0.381223
-0.459740
-0.666989
-0.125196
0.036809
-0.063090
-0.002799
-0.002799
0.478387
0.365433
-0.053158
-0.053158
0.314003
0.012104
0.127218
0.407847
0.423000
-0.013416
-0.013416
0.496618
0.532549
0.103366
0.103366
-0.253819
-0.523124
0.092148
0.488842
0.254030
-0.235560
-0.498194
-0.496759
-0.283335
-0.462157
-0.329914
0.220409
0.661396
0.084106
0.087016
0.087016
0.321822
0.321822
0.524527
0.331596
0.277416
0.209283
-0.199266
0.161481
-0.103323
0.292085
-0.167732
-0.929983
-0.929983
-0.929983
-0.464308
-0.519383
-0.519383
-0.519383
-0.529253
-0.484211
-0.876204
-0.876204
-0.532643
-0.404410
-0.244429
-0.568434
-0.175153
-0.175153
-0.509217
-0.276976
-0.023800
-0.030531
0.031900
-0.458316
-0.809772
-0.471745
-0.515242
0.035436
-0.056448
0.176401
0.515300
0.253046
0.602138
0.120725
-0.364971
-0.543404
-0.453547
-0.527014
-0.929779
-0.929779
-0.542350
-0.539652
-0.399342
-0.433656
-0.265384
-0.349965
-0.543994
-0.526033
-0.442035
-0.152978
-0.503710
-0.522830
0.287293
0.287293
0.287293
0.037807
-0.414591
-0.542984
-0.358536
0.128595
0.039586
-0.338774
-0.210701
-0.173591
0.356603
-0.538902
-0.055895
0.084349
-0.336196
-0.586515
-0.586515
-0.339973
0.227180
-0.291393
-0.890340
-0.890340
-0.738695
-0.738695
-0.530019
-0.487575
-0.377359
-0.512590
-0.073299
-0.099624
0.358584
0.602048
0.051548
0.236116
0.477620
-0.066574
-0.743361
-0.743361
-0.743361
-0.743361
-0.756714
-0.756714
-0.644340
-0.225329
-0.705906
-0.831381
-0.142151
0.058708
-0.425218
-0.082541
-0.230120
-0.395425
-0.445614
-0.274001
0.239063
0.466814
0.721458
0.589673
0.866200
0.954337
0.701455
0.594270
0.881908
0.299906
-0.036326
-0.032244
-0.526896
-0.008880
0.380280
0.871255
0.585027
0.585027
0.299161
0.318525
0.358938
-0.022345
-0.538904
-0.157830
-0.682715
-0.682715
-0.682715
-0.513514
0.271164
-0.383806
0.034609
0.006071
0.025777
-0.014877
-0.014877
0.088230
-0.005322
-0.133169
-0.133169
0.182174
-0.036810
-0.036810
-0.048495
-0.771819
0.070589
-0.225705
-0.154026
-0.192773
0.171637
0.915416
0.352520
0.949368
0.642532
0.000760
0.015371
-0.348782
-0.989218
-0.705806
-0.991046
-0.751884
-0.120168
-0.392786
-0.226350
0.451833
-0.348420
-0.674338
-0.766010
-0.877134
-0.775435
0.075206
-0.148211
-0.004935
-0.592283
-0.653445
-0.946191
-0.921392
-0.731472
-0.611346
-0.971234
-0.825730
-0.911276
-0.837077
-0.868684
-0.908570
-0.985833
-0.985833
-0.980121
-0.459917
0.187196
-0.367311
-0.395876
-0.132346
-0.132346
-0.020462
0.276947
0.188600
0.504941
0.975017
0.403064
0.240355
0.088059
0.011341
-0.172959
-0.799032
-0.862563
-0.684727
-0.517021
-0.158344
0.111833
0.257867
-0.092400
-0.546997
-0.357979
-0.156317
-0.219633
-0.636451
-0.636451
-0.528167
-0.427781
-0.427781
-0.888769
-0.973314
-0.999146
-0.737019
-0.737019
0.057612
-0.314812
-0.931303
-0.931303
-0.835187
-0.436956
-0.436956
0.108614
0.598268
0.106252
0.143406
-0.523294
-0.026016
-0.156927
-0.846050
-0.846050
-0.519695
-0.160188
-0.136148
0.307744
0.155085
-0.290717
-0.290717
-0.472779
-0.269889
0.059711
0.378259
-0.112519
0.038239
-0.019543
-0.144447
0.375157
0.009871
-0.027854
0.222230
0.343804
0.084046
0.414290
0.283399
-0.033274
0.643121
0.523188
0.479068
0.996573
0.285834
0.285834
-0.148949
-0.148949
-0.211444
-0.284134
-0.659885
-0.551841
-0.808763
-0.964307
-0.885623
-0.959044
-0.764845
-0.825543
-0.697561
-0.697561
-0.336157
-0.336157
-0.422019
-0.238479
-0.430091
-0.430091
-0.438654
0.319347
0.881978
0.563060
0.893563
0.566833
0.180363
-0.869220
-0.869220
-0.909901
-0.149811
-1.616133
-1.468372
-1.468372
-1.468372
-1.915369
-1.596300
-0.849267
-0.849267
-0.849267
-0.160447
-0.160447
-0.150231
-0.040930
0.038359
-0.688541
-0.918713
-0.805262
-0.907969
-0.907969
-0.237164
-0.237164
-0.797293
-0.808386
-0.816921
-0.842013
-0.928755
-0.657964
-0.185690
-0.370725
-0.425182
-0.825937
-0.825937
-0.498357
-0.793803
-0.648767
-0.648767
-0.692125
-0.396641
-0.855065
-0.481115
-0.110833
-0.110833
-0.862292
-0.862292
-0.788558
-0.788558
-0.961251
-0.691990
-0.911442
-0.911442
-0.759189
-0.563344
0.026863
-0.746738
-0.150811
0.008633
0.008633
0.138118
0.530042
-0.295527
-0.036363
-0.177954
-0.517859
-0.156867
0.060732
-0.357842
-0.965095
-0.393673
-0.959211
-0.700919
-0.458459
-0.001380
0.257002
-0.364171
-0.364171
-0.594788
-0.697918
-0.067564
-0.140962
0.334128
0.680550
0.680550
0.328470
-0.576475
-0.118190
-0.056309
-0.108419
-0.061441
-0.010767
0.384819
-0.262127
-0.262127
-0.711375
-0.403959
-0.403959
-0.343919
-0.348140
-0.348140
-0.389187
-0.330254
-0.839839
-0.471473
-0.296656
-0.602230
-0.985312
-0.985312
-0.744454
-0.744454
-0.983446
-0.826583
-0.084152
-0.209106
-0.967502
-0.564673
-0.676034
-0.975894
-0.975894
-0.294898
-0.154342
-0.277963
-0.868371
-0.868371
-0.868371
-0.943928
-0.288977
0.019563
-0.136848
0.305042
-0.029308
0.069556
-0.002054
-0.341564
-0.192973
-0.305060
-0.005399
0.204787
-0.035402
-0.015154
-0.593370
-0.921661
-0.776967
-0.576957
-0.866355
-0.704333
-0.272922
0.397813
0.012573
0.181264
0.424781
0.153618
-0.298179
0.067525
0.067525
-0.769870
-0.769870
-0.564870
-0.564870
-0.786743
0.017109
0.338585
0.260317
-0.247342
0.285181
0.829195
0.178694
0.028542
0.028542
-0.048239
-0.445025
-0.967197
-1.781977
-1.200220
-0.039773
0.680052
0.128567
-0.054892
-0.706016
-0.104913
-0.104913
-0.626204
-0.626204
-0.599405
-0.425744
-0.844489
-0.850407
-0.220379
-0.376806
0.347500
0.161000
-0.304883
-0.304883
-0.304883
-0.029192
-0.547446
-0.907658
-0.674199
-0.842869
-0.842869
-0.799959
-0.461424
0.222206
0.328063
0.765394
0.285931
-0.091542
-0.091542
0.351647
-0.013656
-0.013656
-0.076988
0.080788
-0.128185
-0.326536
-0.660167
-0.770292
-0.963770
-0.963770
-0.848537
-0.608901
-0.952414
-0.952414
-0.793013
-0.943508
-0.393458
-0.393458
-0.177254
-0.885690
-0.123851
-0.471019
-0.343629
-0.695128
-0.163989
-0.163989
0.378624
0.367259
0.702011
0.438722
0.438722
-0.202955
0.224526
0.517358
0.300520
0.120659
-0.287603
-0.416641
-0.416641
-0.090526
-0.316637
-0.543072
-0.469311
-0.492269
-0.253318
-0.527148
-0.280509
-0.064505
-0.757557
-0.821888
-0.458226
-0.525667
0.210301
-0.022751
-0.288587
-0.288587
0.089940
0.052799
-0.051163
0.020742
0.174759
0.377356
-0.139927
-0.139927
0.046326
0.678101
0.736760
0.384153
0.788521
0.797416
0.923541
0.747633
0.378652
-0.088979
0.032331
0.037971
-0.423692
-0.002527
0.513504
-0.055785
-0.394814
0.272973
0.655628
0.650652
0.754999
0.034814
-0.076726
-0.136536
0.413265
0.841637
0.821219
0.840486
0.365745
0.375130
-0.209106
-0.300890
-0.225591
-0.225591
0.500355
0.491872
0.951305
0.348483
-0.267374
-0.687667
-0.758497
-0.758497
-0.635309
-0.641174
-0.241151
-0.241151
-0.241151
-0.071014
-0.468724
-0.494242
-0.528704
-0.795137
-0.707957
-0.255225
0.217470
0.217470
0.530777
0.282969
0.118403
0.482084
0.083367
0.083367
-0.119420
0.548624
0.540906
0.763882
-0.048479
-0.048479
-0.078108
-0.284579
-0.621639
-0.982197
-0.982197
-0.474179
-0.744343
-0.744343
-0.180781
-0.307349
-0.543597
-0.522189
-0.522189
-0.540695
-0.437923
0.002243
0.059705
0.015543
0.114293
0.463547
0.533783
0.295959
0.295959
-0.035844
-0.128793
-0.128793
0.004272
-0.424608
0.020956
-0.245966
0.345582
0.543030
0.295959
0.295959
0.297754
-0.197236
0.033720
0.295959
0.295959
0.543551
0.295959
0.542130
0.295959
0.069764
-0.402022
-0.418384
0.036006
-0.182722
-0.481594
-0.543991
-0.332137
-0.366927
-0.066591
-0.115235
-0.115235
-0.319910
-0.461285
-0.348532
-0.657970
-0.362741
-0.543099
-0.754531
-0.472147
-0.461523
-0.018801
0.118399
-0.057094
-0.315288
0.233069
0.209408
-0.005956
0.003592
0.367513
0.412356
-0.279921
-0.279921
0.396400
0.225846
0.211748
0.211748
0.208643
0.351528
0.121731
0.082723
-0.245754
0.512193
0.169069
-0.677136
-0.376569
-0.560912
-0.011862
0.194787
0.194787
0.592400
0.060774
-0.062676
-0.863941
-0.357819
-0.982789
-0.543881
0.005599
-0.074895
-0.074895
-0.143730
-0.143730
-0.143730
-0.000867
-0.664278
-0.664278
-0.899092
-0.578108
-0.578108
-0.911654
-0.911654
-0.821981
-0.572355
0.038080
0.743501
0.991368
0.700843
0.644829
0.450886
-0.090364
-0.657281
-0.445413
-0.521541
-0.519462
-0.177850
-0.933811
-0.695049
-0.829756
-0.727107
-0.984425
-0.984425
-0.997472
-0.566382
0.020762
-0.253355
-0.361595
-0.361595
-0.408675
-0.651940
-0.651940
-0.026478
0.310470
0.601128
0.642325
0.909091
0.399497
0.328421
-0.001624
-0.754858
-0.754858
-0.359552
0.091626
-0.045372
0.032059
0.032059
-0.038466
-0.006500
-0.315291
-0.009244
-0.075282
0.036779
0.288497
0.719883
0.080097
0.466409
0.055431
0.055431
-0.424907
-0.012369
0.102546
-0.152385
-0.173916
-0.047444
-0.267751
-0.267751
-0.165331
-0.041743
-0.041743
-0.041743
-0.041743
-0.192544
0.131167
0.026904
-0.062027
-0.460149
0.082466
0.046880
-0.727663
-0.952371
-0.863976
-0.863976
-0.691391
0.039451
-0.762739
-0.762739
-0.731783
-0.731783
-0.854413
-0.189024
-0.440720
-0.397847
-0.241588
0.002185
-0.441576
-0.725251
-0.986683
-0.599869
-0.599869
0.119638
-0.081696
0.010055
-0.354223
-0.354223
0.104340
0.451910
0.933979
0.474083
0.205690
-0.196886
0.233303
0.513918
0.357714
0.207272
0.188702
0.353571
-0.220844
-0.167327
-0.193256
-0.531242
-0.442558
-0.352460
-0.543372
-0.333582
-0.511241
-0.511241
-0.110028
-0.790540
-0.972727
-0.972727
-0.972727
-0.466654
-0.466654
-0.247764
-0.247764
0.226924
-0.001535
-0.019925
0.050418
0.024176
0.024176
0.159436
-0.183691
0.067141
-0.273319
0.006777
0.590512
0.446471
0.515556
0.278910
0.043119
-0.314284
-0.314284
0.105308
0.145149
0.091946
-0.154830
-0.154830
0.054203
-0.295959
-0.424957
-0.424957
-0.295959
-0.295959
-0.211217
0.118008
0.051451
-0.427967
-0.295959
-0.295959
-0.843115
-0.843115
-0.843115
-0.843115
-0.843115
-0.295959
-0.295959
-0.295959
-0.295959
-0.295959
0.344269
-0.222045
-0.213703
-0.295959
-0.528926
-0.318143
0.138321
0.741180
0.536654
0.524039
0.421804
0.492099
0.538261
0.524948
-0.337979
-0.354507
-0.690152
-0.529570
-0.529570
-0.338152
-0.963134
-0.770859
-0.941983
-0.941983
-0.882714
-0.265832
-0.265832
-0.265832
-0.265832
-0.414921
-0.672549
-0.360418
-0.360418
-0.890507
-0.684693
-0.684693
-0.132907
0.130317
-0.377228
-0.859416
-0.668193
-0.668193
-0.272946
-0.272946
0.028098
0.007315
0.468022
-0.132877
0.574630
0.749603
0.560411
0.023679
-0.344950
-0.861912
-0.861912
-0.293373
-0.269378
-0.432143
-0.450825
-0.864092
-0.864092
-0.864092
-0.584618
-0.695007
-0.773732
-0.773732
-0.672866
-0.286758
-0.425228
-0.542631
-0.455950
-0.018630
-0.298049
-0.298049
-0.365040
-0.521683
-0.521683
-0.628616
-0.516487
-0.516487
-0.516487
-0.764968
-0.101003
-0.298681
-0.898217
-0.951390
-0.895009
-0.895009
-0.801310
-0.651150
-0.846315
-0.846315
-0.832098
-0.880669
-0.880669
-0.513024
-0.247566
-0.114242
0.093248
0.093248
0.053103
0.017380
0.017380
0.017380
-0.177902
-0.420207
-0.123671
-0.301381
-0.948920
-0.343951
-0.344709
-0.391520
-0.769937
-0.032605
0.361379
0.530395
0.879424
0.096212
0.900085
0.537968
0.505972
0.513984
0.280784
0.087761
-0.627575
-0.795612
-0.368312
-0.846279
-0.855404
-0.151113
-0.456956
-0.091418
-0.432058
-0.432058
-0.432058
-0.432058
-0.824843
-0.208015
-0.208015
-0.598439
-0.598439
-0.146340
-0.175649
-0.276992
-0.276992
-0.509523
0.070057
0.002011
-0.398461
-0.609440
-0.308273
-0.857486
-0.425442
0.013853
-0.169879
-0.145253
0.486943
0.558852
0.156522
0.258479
0.498700
0.490840
-0.142480
-0.142480
0.117897
-0.127910
0.069427
0.513058
0.520137
0.381661
-0.088007
0.131323
0.070768
0.045390
0.155392
0.435753
0.538891
0.105529
0.454740
0.283250
0.468115
0.023970
-0.071233
0.542013
0.541438
0.251194
-0.239445
-0.514690
-0.295959
-0.295959
0.010776
0.019848
0.278483
0.495675
0.495675
0.252919
0.353059
0.353059
0.274221
-0.054602
0.385606
0.012911
0.012911
0.130543
-0.099619
0.033640
0.033640
0.238998
-0.196161
-0.295959
-0.666555
-0.666555
-0.295959
-0.440192
-0.191955
-0.295959
-0.519758
-0.295959
-0.295959
-0.422604
-0.252970
-0.295959
-0.357658
0.208573
0.510535
-0.149518
0.369612
0.299411
0.381768
-0.188209
-0.509748
-0.295959
-0.295959
-0.543739
-0.295959
-0.715191
-0.409679
0.124097
-0.355689
-0.482568
-0.253705
-0.400268
-0.295959
-0.418306
-0.322705
-0.236384
0.334996
0.483122
0.488297
0.578548
0.696894
0.960494
0.364924
0.512772
0.590577
0.543805
0.559429
0.051340
-0.348066
0.003407
-0.039549
-0.317761
-0.495157
-0.543153
-0.459325
-0.459325
-0.497300
-0.532715
-0.532715
0.019480
0.293273
0.876485
0.851460
0.299157
-0.542630
-0.126260
-0.136917
0.416263
0.681631
0.532722
-0.066239
-0.094140
0.009021
0.086177
0.027323
0.081292
-0.036501
-0.663737
-0.596182
-0.378153
-0.915821
-0.915821
-0.558139
-0.020834
-0.144718
0.085535
0.085535
-0.209484
-0.016253
-0.211810
0.003149
0.022533
-0.575516
-0.526032
-0.797789
-0.364350
-0.697250
-0.697250
-0.697250
-0.157308
-0.194175
-0.327878
-0.327878
0.034037
-0.347383
-0.347383
-0.519018
-0.851436
-0.688727
-0.469223
-0.827318
-0.827318
-0.827318
-0.479240
-0.169365
0.021428
0.005404
0.017814
-0.327228
-0.579261
-0.252230
-0.007781
-0.000789
-0.001865
-0.249830
-0.249830
-0.863850
-0.876709
-0.764748
-0.839751
-0.163004
-0.163004
0.634231
0.334503
0.247024
0.433842
0.525295
0.422878
0.156615
0.053258
-0.134428
0.259622
0.487479
0.607451
0.165116
-0.075932
0.190605
0.190605
-0.069921
-0.123319
0.257855
0.003927
0.003927
0.011863
-0.271020
-0.271020
-0.034482
0.070636
0.169704
0.308879
0.205521
0.476383
0.205269
-0.004109
0.223154
0.018126
-0.174516
-0.233066
-0.471807
-0.313564
0.038272
-0.526147
-0.584941
-0.474875
-0.093938
-0.093938
-0.467390
-0.467390
-0.505873
-0.505873
-0.484891
-0.780467
-0.455650
-0.059024
0.233512
0.337777
0.214698
-0.418940
-0.911007
-0.782042
-0.566449
-0.669543
-0.669543
-0.241505
-0.166630
-0.166630
-0.936097
-0.906040
-0.979835
-0.979835
-0.789832
-0.022684
-0.018962
0.043978
0.433353
-0.232078
-0.367845
-0.130649
-0.130649
-0.761406
-0.924502
-0.937716
-0.905126
-0.263934
-0.263934
-0.257340
0.138145
0.380808
0.693017
0.313622
0.164828
-0.220358
-0.466543
-0.542386
-0.542623
-0.505834
-0.238180
-0.238180
0.018375
0.032756
-0.675683
-0.530280
-0.538629
-0.996355
-0.996355
-0.996355
-0.447583
-0.447583
-0.092074
-0.452083
-0.533915
-0.415124
0.021399
0.211146
0.448006
0.195315
-0.001578
0.070345
-0.046166
-0.253938
-0.364054
-0.289196
0.227240
-0.159072
0.183697
0.534288
0.767119
0.856500
0.223627
-0.251427
-0.295959
-0.427844
-0.544021
-0.536406
-0.536406
-0.536406
-0.295959
-0.499194
-0.499194
-0.491555
0.010039
0.365404
0.484224
-0.183787
-0.364346
-0.597094
-0.597094
-0.597094
-0.365495
-0.014208
-0.591486
-0.365574
-0.365574
-0.365574
-0.698071
-0.578160
-0.982111
-0.827408
-0.944737
-0.482419
-0.620116
-0.115662
-0.052818
0.055443
0.055443
0.375110
0.465039
-0.264609
-0.264609
-0.235197
-0.321326
-0.537748
-0.537748
-0.295959
-0.270118
-0.994429
-0.994429
-0.295959
0.106604
-0.285812
-0.285812
-0.506645
-0.266873
-0.239616
-0.239616
-0.239616
0.032527
0.032527
0.534017
0.517207
0.001155
-0.071625
-0.262704
-0.021584
-0.124042
-0.108453
-0.108453
0.021115
0.059050
-0.056957
0.199126
-0.021959
0.465717
0.541013
0.472930
0.429459
0.495065
0.542129
0.533485
0.448472
0.341008
0.526392
0.522481
-0.306210
-0.949015
-0.817206
-0.817206
-0.348178
-0.967290
-0.907574
-0.574105
-0.929950
-0.387915
-0.275429
-0.587723
-0.825939
-0.864176
