-5.000000  0.038462
-4.990000  0.037495
-4.980000  0.036529
-4.969999  0.035563
-4.959999  0.034598
-4.949999  0.033633
-4.939999  0.032668
-4.929998  0.031705
-4.919998  0.030742
-4.909998  0.029781
-4.899998  0.028820
-4.889997  0.027861
-4.879997  0.026904
-4.869997  0.025948
-4.859997  0.024993
-4.849997  0.024041
-4.839996  0.023090
-4.829996  0.022142
-4.819996  0.021195
-4.809996  0.020252
-4.799995  0.019310
-4.789995  0.018371
-4.779995  0.017435
-4.769995  0.016502
-4.759995  0.015572
-4.749994  0.014645
-4.739994  0.013721
-4.729994  0.012801
-4.719994  0.011884
-4.709993  0.010971
-4.699993  0.010062
-4.689993  0.009157
-4.679993  0.008255
-4.669992  0.007358
-4.659992  0.006465
-4.649992  0.005577
-4.639992  0.004693
-4.629992  0.003814
-4.619991  0.002940
-4.609991  0.002071
-4.599991  0.001207
-4.589991  0.000348
-4.579990  -0.000506
-4.569990  -0.001354
-4.559990  -0.002196
-4.549990  -0.003033
-4.539989  -0.003863
-4.529989  -0.004688
-4.519989  -0.005507
-4.509989  -0.006319
-4.499989  -0.007125
-4.489988  -0.007924
-4.479988  -0.008717
-4.469988  -0.009503
-4.459988  -0.010281
-4.449987  -0.011053
-4.439987  -0.011818
-4.429987  -0.012575
-4.419987  -0.013325
-4.409986  -0.014067
-4.399986  -0.014801
-4.389986  -0.015528
-4.379986  -0.016247
-4.369986  -0.016957
-4.359985  -0.017659
-4.349985  -0.018353
-4.339985  -0.019039
-4.329985  -0.019715
-4.319984  -0.020383
-4.309984  -0.021042
-4.299984  -0.021692
-4.289984  -0.022333
-4.279984  -0.022965
-4.269983  -0.023587
-4.259983  -0.024199
-4.249983  -0.024802
-4.239983  -0.025395
-4.229982  -0.025978
-4.219982  -0.026551
-4.209982  -0.027114
-4.199982  -0.027666
-4.189981  -0.028208
-4.179981  -0.028740
-4.169981  -0.029260
-4.159981  -0.029770
-4.149981  -0.030269
-4.139980  -0.030756
-4.129980  -0.031233
-4.119980  -0.031697
-4.109980  -0.032151
-4.099979  -0.032593
-4.089979  -0.033023
-4.079979  -0.033441
-4.069979  -0.033847
-4.059978  -0.034240
-4.049978  -0.034622
-4.039978  -0.034991
-4.029978  -0.035348
-4.019978  -0.035691
-4.009977  -0.036022
-3.999977  -0.036340
-3.989977  -0.036645
-3.979977  -0.036937
-3.969977  -0.037215
-3.959977  -0.037480
-3.949977  -0.037731
-3.939977  -0.037968
-3.929977  -0.038192
-3.919977  -0.038402
-3.909977  -0.038597
-3.899977  -0.038778
-3.889977  -0.038945
-3.879977  -0.039097
-3.869977  -0.039235
-3.859977  -0.039357
-3.849977  -0.039465
-3.839978  -0.039558
-3.829978  -0.039635
-3.819978  -0.039697
-3.809978  -0.039744
-3.799978  -0.039775
-3.789978  -0.039791
-3.779978  -0.039790
-3.769978  -0.039774
-3.759978  -0.039742
-3.749978  -0.039693
-3.739978  -0.039628
-3.729978  -0.039546
-3.719978  -0.039448
-3.709978  -0.039333
-3.699978  -0.039201
-3.689978  -0.039052
-3.679978  -0.038886
-3.669978  -0.038703
-3.659978  -0.038502
-3.649978  -0.038284
-3.639978  -0.038048
-3.629978  -0.037794
-3.619978  -0.037522
-3.609978  -0.037232
-3.599978  -0.036924
-3.589978  -0.036598
-3.579978  -0.036253
-3.569978  -0.035890
-3.559978  -0.035508
-3.549978  -0.035107
-3.539978  -0.034687
-3.529978  -0.034248
-3.519978  -0.033789
-3.509978  -0.033312
-3.499978  -0.032814
-3.489978  -0.032297
-3.479978  -0.031761
-3.469978  -0.031204
-3.459978  -0.030628
-3.449978  -0.030031
-3.439978  -0.029414
-3.429978  -0.028776
-3.419978  -0.028118
-3.409978  -0.027439
-3.399978  -0.026740
-3.389978  -0.026019
-3.379978  -0.025278
-3.369978  -0.024515
-3.359978  -0.023731
-3.349978  -0.022925
-3.339978  -0.022098
-3.329978  -0.021249
-3.319978  -0.020378
-3.309978  -0.019485
-3.299978  -0.018570
-3.289978  -0.017633
-3.279978  -0.016673
-3.269978  -0.015691
-3.259978  -0.014686
-3.249978  -0.013658
-3.239978  -0.012608
-3.229978  -0.011534
-3.219978  -0.010437
-3.209978  -0.009317
-3.199978  -0.008174
-3.189978  -0.007006
-3.179978  -0.005816
-3.169978  -0.004601
-3.159978  -0.003362
-3.149978  -0.002100
-3.139978  -0.000813
-3.129978  0.000499
-3.119978  0.001834
-3.109978  0.003195
-3.099978  0.004580
-3.089978  0.005990
-3.079978  0.007425
-3.069978  0.008885
-3.059978  0.010371
-3.049978  0.011882
-3.039978  0.013418
-3.029978  0.014980
-3.019978  0.016568
-3.009978  0.018182
-2.999978  0.019822
-2.989978  0.021488
-2.979978  0.023180
-2.969978  0.024899
-2.959978  0.026644
-2.949978  0.028417
-2.939978  0.030216
-2.929978  0.032042
-2.919978  0.033895
-2.909978  0.035775
-2.899978  0.037683
-2.889978  0.039618
-2.879978  0.041581
-2.869978  0.043571
-2.859978  0.045590
-2.849978  0.047636
-2.839978  0.049711
-2.829978  0.051814
-2.819978  0.053945
-2.809978  0.056105
-2.799978  0.058294
-2.789979  0.060511
-2.779979  0.062758
-2.769979  0.065033
-2.759979  0.067338
-2.749979  0.069672
-2.739979  0.072035
-2.729979  0.074428
-2.719979  0.076851
-2.709979  0.079303
-2.699979  0.081786
-2.689979  0.084299
-2.679979  0.086842
-2.669979  0.089415
-2.659979  0.092019
-2.649979  0.094654
-2.639979  0.097319
-2.629979  0.100015
-2.619979  0.102742
-2.609979  0.105501
-2.599979  0.108290
-2.589979  0.111112
-2.579979  0.113964
-2.569979  0.116849
-2.559979  0.119765
-2.549979  0.122713
-2.539979  0.125693
-2.529979  0.128706
-2.519979  0.131751
-2.509979  0.134828
-2.499979  0.137938
-2.489979  0.141080
-2.479979  0.144255
-2.469979  0.147462
-2.459979  0.150701
-2.449979  0.153971
-2.439979  0.157271
-2.429979  0.160603
-2.419979  0.163964
-2.409979  0.167356
-2.399979  0.170777
-2.389979  0.174227
-2.379979  0.177706
-2.369979  0.181213
-2.359979  0.184748
-2.349979  0.188311
-2.339979  0.191901
-2.329979  0.195518
-2.319979  0.199162
-2.309979  0.202832
-2.299979  0.206528
-2.289979  0.210249
-2.279979  0.213996
-2.269979  0.217767
-2.259979  0.221563
-2.249979  0.225382
-2.239979  0.229226
-2.229979  0.233092
-2.219979  0.236982
-2.209979  0.240894
-2.199979  0.244829
-2.189979  0.248785
-2.179979  0.252763
-2.169979  0.256762
-2.159979  0.260782
-2.149979  0.264823
-2.139979  0.268883
-2.129979  0.272963
-2.119979  0.277062
-2.109979  0.281181
-2.099979  0.285318
-2.089979  0.289473
-2.079979  0.293646
-2.069979  0.297837
-2.059979  0.302045
-2.049979  0.306270
-2.039979  0.310511
-2.029979  0.314768
-2.019979  0.319041
-2.009979  0.323330
-1.999979  0.327633
-1.989979  0.331951
-1.979979  0.336283
-1.969979  0.340630
-1.959979  0.344989
-1.949979  0.349362
-1.939979  0.353748
-1.929979  0.358146
-1.919979  0.362557
-1.909979  0.366979
-1.899979  0.371412
-1.889979  0.375857
-1.879979  0.380312
-1.869979  0.384777
-1.859979  0.389253
-1.849979  0.393738
-1.839979  0.398232
-1.829979  0.402735
-1.819979  0.407247
-1.809979  0.411766
-1.799979  0.416294
-1.789979  0.420828
-1.779979  0.425370
-1.769979  0.429919
-1.759979  0.434474
-1.749979  0.439035
-1.739980  0.443601
-1.729980  0.448173
-1.719980  0.452749
-1.709980  0.457330
-1.699980  0.461915
-1.689980  0.466504
-1.679980  0.471097
-1.669980  0.475692
-1.659980  0.480290
-1.649980  0.484891
-1.639980  0.489493
-1.629980  0.494097
-1.619980  0.498702
-1.609980  0.503308
-1.599980  0.507915
-1.589980  0.512522
-1.579980  0.517129
-1.569980  0.521735
-1.559980  0.526340
-1.549980  0.530944
-1.539980  0.535546
-1.529980  0.540146
-1.519980  0.544744
-1.509980  0.549339
-1.499980  0.553931
-1.489980  0.558520
-1.479980  0.563105
-1.469980  0.567685
-1.459980  0.572261
-1.449980  0.576832
-1.439980  0.581398
-1.429980  0.585958
-1.419980  0.590513
-1.409980  0.595061
-1.399980  0.599602
-1.389980  0.604136
-1.379980  0.608662
-1.369980  0.613181
-1.359980  0.617692
-1.349980  0.622194
-1.339980  0.626688
-1.329980  0.631172
-1.319980  0.635646
-1.309980  0.640110
-1.299980  0.644565
-1.289980  0.649008
-1.279980  0.653440
-1.269980  0.657861
-1.259980  0.662270
-1.249980  0.666668
-1.239980  0.671052
-1.229980  0.675424
-1.219980  0.679782
-1.209980  0.684127
-1.199980  0.688458
-1.189980  0.692774
-1.179980  0.697076
-1.169980  0.701363
-1.159980  0.705635
-1.149980  0.709890
-1.139980  0.714130
-1.129980  0.718353
-1.119980  0.722559
-1.109980  0.726748
-1.099980  0.730920
-1.089980  0.735073
-1.079980  0.739208
-1.069980  0.743325
-1.059980  0.747422
-1.049980  0.751501
-1.039980  0.755559
-1.029980  0.759597
-1.019980  0.763615
-1.009980  0.767612
-0.999980  0.771588
-0.989980  0.775542
-0.979980  0.779475
-0.969980  0.783385
-0.959980  0.787272
-0.949980  0.791137
-0.939980  0.794977
-0.929980  0.798795
-0.919980  0.802588
-0.909980  0.806357
-0.899980  0.810101
-0.889980  0.813820
-0.879980  0.817513
-0.869980  0.821180
-0.859980  0.824821
-0.849980  0.828436
-0.839980  0.832023
-0.829980  0.835584
-0.819980  0.839116
-0.809980  0.842620
-0.799980  0.846096
-0.789980  0.849543
-0.779980  0.852962
-0.769980  0.856350
-0.759980  0.859709
-0.749980  0.863037
-0.739980  0.866335
-0.729980  0.869602
-0.719980  0.872837
-0.709980  0.876041
-0.699980  0.879212
-0.689981  0.882352
-0.679981  0.885458
-0.669981  0.888532
-0.659981  0.891572
-0.649981  0.894578
-0.639981  0.897550
-0.629981  0.900487
-0.619981  0.903389
-0.609981  0.906256
-0.599981  0.909087
-0.589981  0.911883
-0.579981  0.914641
-0.569981  0.917364
-0.559981  0.920049
-0.549981  0.922696
-0.539981  0.925306
-0.529981  0.927877
-0.519981  0.930410
-0.509981  0.932904
-0.499981  0.935359
-0.489981  0.937774
-0.479981  0.940149
-0.469981  0.942484
-0.459981  0.944778
-0.449981  0.947031
-0.439981  0.949242
-0.429981  0.951411
-0.419981  0.953539
-0.409981  0.955624
-0.399981  0.957665
-0.389981  0.959664
-0.379981  0.961619
-0.369981  0.963530
-0.359981  0.965397
-0.349981  0.967219
-0.339981  0.968995
-0.329981  0.970727
-0.319981  0.972412
-0.309981  0.974052
-0.299981  0.975645
-0.289981  0.977191
-0.279981  0.978689
-0.269981  0.980140
-0.259981  0.981544
-0.249981  0.982898
-0.239981  0.984205
-0.229981  0.985462
-0.219981  0.986669
-0.209981  0.987827
-0.199981  0.988935
-0.189981  0.989992
-0.179981  0.990998
-0.169981  0.991953
-0.159981  0.992857
-0.149981  0.993708
-0.139981  0.994508
-0.129981  0.995254
-0.119981  0.995947
-0.109981  0.996588
-0.099981  0.997174
-0.089981  0.997706
-0.079981  0.998184
-0.069981  0.998607
-0.059981  0.998974
-0.049981  0.999286
-0.039981  0.999542
-0.029981  0.999742
-0.019981  0.999885
-0.009981  0.999971
0.000019  1.000000
0.010019  0.999971
0.020019  0.999885
0.030019  0.999741
0.040019  0.999541
0.050019  0.999285
0.060019  0.998973
0.070019  0.998605
0.080019  0.998182
0.090019  0.997704
0.100019  0.997172
0.110019  0.996585
0.120019  0.995945
0.130019  0.995251
0.140019  0.994505
0.150019  0.993705
0.160019  0.992854
0.170019  0.991950
0.180019  0.990995
0.190019  0.989988
0.200019  0.988931
0.210019  0.987823
0.220019  0.986665
0.230019  0.985457
0.240019  0.984200
0.250019  0.982893
0.260019  0.981539
0.270019  0.980135
0.280019  0.978684
0.290019  0.977185
0.300019  0.975639
0.310019  0.974046
0.320019  0.972406
0.330019  0.970720
0.340019  0.968989
0.350019  0.967212
0.360019  0.965390
0.370019  0.963523
0.380019  0.961612
0.390019  0.959656
0.400019  0.957658
0.410019  0.955616
0.420019  0.953531
0.430019  0.951403
0.440019  0.949234
0.450019  0.947022
0.460019  0.944769
0.470019  0.942475
0.480019  0.940140
0.490019  0.937765
0.500019  0.935350
0.510019  0.932895
0.520019  0.930401
0.530019  0.927868
0.540019  0.925296
0.550019  0.922686
0.560019  0.920039
0.570019  0.917353
0.580019  0.914631
0.590019  0.911872
0.600019  0.909077
0.610019  0.906245
0.620019  0.903378
0.630019  0.900476
0.640019  0.897538
0.650019  0.894566
0.660019  0.891560
0.670019  0.888520
0.680019  0.885447
0.690019  0.882340
0.700019  0.879200
0.710019  0.876029
0.720019  0.872825
0.730019  0.869589
0.740019  0.866322
0.750019  0.863024
0.760019  0.859696
0.770019  0.856337
0.780019  0.852949
0.790019  0.849530
0.800019  0.846083
0.810019  0.842607
0.820019  0.839103
0.830019  0.835570
0.840019  0.832010
0.850019  0.828422
0.860019  0.824808
0.870019  0.821166
0.880019  0.817499
0.890019  0.813806
0.900019  0.810087
0.910019  0.806343
0.920019  0.802574
0.930019  0.798780
0.940019  0.794963
0.950019  0.791122
0.960019  0.787257
0.970019  0.783370
0.980018  0.779460
0.990018  0.775527
1.000018  0.771573
1.010018  0.767597
1.020018  0.763600
1.030018  0.759582
1.040018  0.755544
1.050018  0.751485
1.060018  0.747407
1.070018  0.743309
1.080018  0.739193
1.090018  0.735057
1.100018  0.730904
1.110018  0.726732
1.120018  0.722543
1.130018  0.718337
1.140018  0.714114
1.150018  0.709874
1.160018  0.705618
1.170018  0.701347
1.180018  0.697060
1.190018  0.692758
1.200018  0.688441
1.210018  0.684110
1.220018  0.679766
1.230018  0.675407
1.240018  0.671035
1.250018  0.666651
1.260018  0.662254
1.270018  0.657844
1.280018  0.653424
1.290018  0.648991
1.300018  0.644548
1.310018  0.640093
1.320018  0.635629
1.330018  0.631155
1.340018  0.626670
1.350018  0.622177
1.360018  0.617675
1.370018  0.613164
1.380018  0.608645
1.390018  0.604119
1.400018  0.599584
1.410018  0.595043
1.420018  0.590495
1.430018  0.585941
1.440018  0.581381
1.450018  0.576815
1.460018  0.572244
1.470018  0.567668
1.480018  0.563087
1.490018  0.558502
1.500018  0.553914
1.510018  0.549322
1.520018  0.544727
1.530018  0.540129
1.540018  0.535528
1.550018  0.530926
1.560018  0.526322
1.570018  0.521717
1.580018  0.517111
1.590018  0.512504
1.600018  0.507897
1.610018  0.503291
1.620018  0.498685
1.630018  0.494079
1.640018  0.489475
1.650018  0.484873
1.660018  0.480273
1.670018  0.475674
1.680018  0.471079
1.690018  0.466487
1.700018  0.461898
1.710018  0.457313
1.720018  0.452732
1.730018  0.448155
1.740018  0.443583
1.750018  0.439017
1.760018  0.434456
1.770018  0.429901
1.780018  0.425353
1.790018  0.420811
1.800018  0.416276
1.810018  0.411749
1.820018  0.407229
1.830018  0.402718
1.840018  0.398215
1.850018  0.393721
1.860018  0.389236
1.870018  0.384760
1.880018  0.380295
1.890018  0.375840
1.900018  0.371395
1.910018  0.366962
1.920018  0.362540
1.930018  0.358130
1.940018  0.353731
1.950018  0.349346
1.960018  0.344973
1.970018  0.340613
1.980018  0.336267
1.990018  0.331935
2.000018  0.327617
2.010018  0.323313
2.020018  0.319025
2.030018  0.314752
2.040018  0.310495
2.050018  0.306254
2.060018  0.302029
2.070018  0.297821
2.080018  0.293630
2.090018  0.289457
2.100018  0.285302
2.110018  0.281165
2.120018  0.277047
2.130018  0.272947
2.140018  0.268867
2.150017  0.264807
2.160017  0.260767
2.170017  0.256747
2.180017  0.252748
2.190017  0.248770
2.200017  0.244814
2.210017  0.240879
2.220017  0.236967
2.230017  0.233078
2.240017  0.229211
2.250017  0.225368
2.260017  0.221548
2.270017  0.217752
2.280017  0.213981
2.290017  0.210235
2.300017  0.206514
2.310017  0.202818
2.320017  0.199148
2.330017  0.195504
2.340017  0.191887
2.350017  0.188297
2.360017  0.184734
2.370017  0.181199
2.380017  0.177692
2.390017  0.174214
2.400017  0.170764
2.410017  0.167343
2.420017  0.163952
2.430017  0.160590
2.440017  0.157259
2.450017  0.153958
2.460017  0.150688
2.470017  0.147450
2.480017  0.144243
2.490017  0.141068
2.500017  0.137926
2.510017  0.134816
2.520017  0.131739
2.530017  0.128694
2.540017  0.125682
2.550017  0.122702
2.560017  0.119754
2.570017  0.116837
2.580017  0.113953
2.590017  0.111101
2.600017  0.108280
2.610017  0.105490
2.620017  0.102732
2.630017  0.100005
2.640017  0.097309
2.650017  0.094643
2.660017  0.092009
2.670017  0.089405
2.680017  0.086832
2.690017  0.084289
2.700017  0.081776
2.710017  0.079294
2.720017  0.076841
2.730017  0.074419
2.740017  0.072026
2.750017  0.069663
2.760017  0.067329
2.770017  0.065024
2.780017  0.062749
2.790017  0.060503
2.800017  0.058285
2.810017  0.056097
2.820017  0.053937
2.830017  0.051806
2.840017  0.049703
2.850017  0.047628
2.860017  0.045582
2.870017  0.043564
2.880017  0.041573
2.890017  0.039610
2.900017  0.037675
2.910017  0.035768
2.920017  0.033888
2.930017  0.032035
2.940017  0.030209
2.950017  0.028410
2.960017  0.026638
2.970017  0.024892
2.980017  0.023174
2.990017  0.021481
3.000017  0.019815
3.010017  0.018176
3.020017  0.016562
3.030017  0.014974
3.040017  0.013412
3.050017  0.011876
3.060017  0.010365
3.070017  0.008880
3.080017  0.007419
3.090017  0.005985
3.100017  0.004575
3.110017  0.003190
3.120017  0.001829
3.130017  0.000494
3.140017  -0.000818
3.150017  -0.002105
3.160017  -0.003367
3.170017  -0.004606
3.180017  -0.005820
3.190017  -0.007011
3.200016  -0.008178
3.210016  -0.009321
3.220016  -0.010441
3.230016  -0.011538
3.240016  -0.012612
3.250016  -0.013662
3.260016  -0.014690
3.270016  -0.015694
3.280016  -0.016677
3.290016  -0.017636
3.300016  -0.018573
3.310016  -0.019488
3.320016  -0.020381
3.330016  -0.021252
3.340016  -0.022101
3.350016  -0.022928
3.360016  -0.023734
3.370016  -0.024518
3.380016  -0.025280
3.390016  -0.026022
3.400016  -0.026742
3.410016  -0.027442
3.420016  -0.028121
3.430016  -0.028779
3.440016  -0.029416
3.450016  -0.030033
3.460016  -0.030630
3.470016  -0.031206
3.480016  -0.031763
3.490016  -0.032299
3.500016  -0.032816
3.510016  -0.033313
3.520016  -0.033791
3.530016  -0.034249
3.540016  -0.034688
3.550016  -0.035108
3.560016  -0.035509
3.570016  -0.035891
3.580016  -0.036255
3.590016  -0.036599
3.600016  -0.036926
3.610016  -0.037234
3.620016  -0.037523
3.630016  -0.037795
3.640016  -0.038049
3.650016  -0.038285
3.660016  -0.038503
3.670016  -0.038704
3.680016  -0.038887
3.690016  -0.039053
3.700016  -0.039202
3.710016  -0.039334
3.720016  -0.039448
3.730016  -0.039547
3.740016  -0.039628
3.750016  -0.039693
3.760016  -0.039742
3.770016  -0.039774
3.780016  -0.039791
3.790016  -0.039791
3.800016  -0.039775
3.810016  -0.039744
3.820016  -0.039697
3.830016  -0.039635
3.840016  -0.039557
3.850016  -0.039465
3.860016  -0.039357
3.870016  -0.039234
3.880016  -0.039096
3.890016  -0.038944
3.900016  -0.038777
3.910016  -0.038596
3.920016  -0.038401
3.930016  -0.038191
3.940016  -0.037968
3.950016  -0.037730
3.960016  -0.037479
3.970016  -0.037214
3.980016  -0.036936
3.990016  -0.036644
4.000016  -0.036339
4.010016  -0.036021
4.020016  -0.035690
4.030016  -0.035346
4.040017  -0.034990
4.050017  -0.034620
4.060017  -0.034239
4.070017  -0.033845
4.080018  -0.033439
4.090018  -0.033021
4.100018  -0.032591
4.110018  -0.032149
4.120018  -0.031696
4.130019  -0.031231
4.140019  -0.030754
4.150019  -0.030267
4.160019  -0.029768
4.170020  -0.029258
4.180020  -0.028738
4.190020  -0.028206
4.200020  -0.027664
4.210021  -0.027112
4.220021  -0.026549
4.230021  -0.025976
4.240021  -0.025393
4.250021  -0.024800
4.260022  -0.024197
4.270022  -0.023584
4.280022  -0.022962
4.290022  -0.022331
4.300023  -0.021690
4.310023  -0.021040
4.320023  -0.020381
4.330023  -0.019713
4.340024  -0.019036
4.350024  -0.018351
4.360024  -0.017657
4.370024  -0.016954
4.380024  -0.016244
4.390025  -0.015525
4.400025  -0.014799
4.410025  -0.014064
4.420025  -0.013322
4.430026  -0.012572
4.440026  -0.011815
4.450026  -0.011050
4.460026  -0.010278
4.470026  -0.009500
4.480027  -0.008714
4.490027  -0.007921
4.500027  -0.007122
4.510027  -0.006316
4.520028  -0.005504
4.530028  -0.004685
4.540028  -0.003860
4.550028  -0.003030
4.560029  -0.002193
4.570029  -0.001351
4.580029  -0.000502
4.590029  0.000351
4.600029  0.001210
4.610030  0.002074
4.620030  0.002943
4.630030  0.003818
4.640030  0.004697
4.650031  0.005580
4.660031  0.006469
4.670031  0.007362
4.680031  0.008259
4.690032  0.009160
4.700032  0.010065
4.710032  0.010975
4.720032  0.011888
4.730032  0.012805
4.740033  0.013725
4.750033  0.014649
4.760033  0.015576
4.770033  0.016506
4.780034  0.017439
4.790034  0.018375
4.800034  0.019314
4.810034  0.020255
4.820035  0.021199
4.830035  0.022145
4.840035  0.023094
4.850035  0.024044
4.860035  0.024997
4.870036  0.025951
4.880036  0.026907
4.890036  0.027865
4.900036  0.028824
4.910037  0.029785
4.920037  0.030746
4.930037  0.031709
4.940037  0.032672
4.950037  0.033637
4.960038  0.034601
4.970038  0.035567
4.980038  0.036533
4.990038  0.037499


-5.000000  0.038462
-4.990000  0.038800
-4.980000  0.039139
-4.969999  0.039477
-4.959999  0.039816
-4.949999  0.040154
-4.939999  0.040492
-4.929998  0.040830
-4.919998  0.041168
-4.909998  0.041505
-4.899998  0.041843
-4.889997  0.042180
-4.879997  0.042516
-4.869997  0.042853
-4.859997  0.043189
-4.849997  0.043524
-4.839996  0.043859
-4.829996  0.044194
-4.819996  0.044528
-4.809996  0.044862
-4.799995  0.045195
-4.789995  0.045527
-4.779995  0.045859
-4.769995  0.046190
-4.759995  0.046521
-4.749994  0.046851
-4.739994  0.047180
-4.729994  0.047508
-4.719994  0.047836
-4.709993  0.048163
-4.699993  0.048489
-4.689993  0.048814
-4.679993  0.049138
-4.669992  0.049461
-4.659992  0.049783
-4.649992  0.050105
-4.639992  0.050425
-4.629992  0.050744
-4.619991  0.051062
-4.609991  0.051379
-4.599991  0.051695
-4.589991  0.052010
-4.579990  0.052324
-4.569990  0.052636
-4.559990  0.052947
-4.549990  0.053257
-4.539989  0.053565
-4.529989  0.053873
-4.519989  0.054178
-4.509989  0.054483
-4.499989  0.054786
-4.489988  0.055087
-4.479988  0.055387
-4.469988  0.055686
-4.459988  0.055983
-4.449987  0.056278
-4.439987  0.056572
-4.429987  0.056864
-4.419987  0.057155
-4.409986  0.057443
-4.399986  0.057731
-4.389986  0.058016
-4.379986  0.058300
-4.369986  0.058581
-4.359985  0.058861
-4.349985  0.059139
-4.339985  0.059416
-4.329985  0.059690
-4.319984  0.059962
-4.309984  0.060233
-4.299984  0.060501
-4.289984  0.060767
-4.279984  0.061031
-4.269983  0.061294
-4.259983  0.061554
-4.249983  0.061812
-4.239983  0.062067
-4.229982  0.062321
-4.219982  0.062572
-4.209982  0.062821
-4.199982  0.063068
-4.189981  0.063312
-4.179981  0.063554
-4.169981  0.063794
-4.159981  0.064031
-4.149981  0.064266
-4.139980  0.064498
-4.129980  0.064728
-4.119980  0.064955
-4.109980  0.065180
-4.099979  0.065402
-4.089979  0.065621
-4.079979  0.065838
-4.069979  0.066052
-4.059978  0.066264
-4.049978  0.066473
-4.039978  0.066678
-4.029978  0.066882
-4.019978  0.067082
-4.009977  0.067280
-3.999977  0.067474
-3.989977  0.067666
-3.979977  0.067855
-3.969977  0.068040
-3.959977  0.068223
-3.949977  0.068403
-3.939977  0.068580
-3.929977  0.068753
-3.919977  0.068924
-3.909977  0.069091
-3.899977  0.069256
-3.889977  0.069417
-3.879977  0.069574
-3.869977  0.069729
-3.859977  0.069880
-3.849977  0.070028
-3.839978  0.070173
-3.829978  0.070314
-3.819978  0.070452
-3.809978  0.070586
-3.799978  0.070717
-3.789978  0.070845
-3.779978  0.070968
-3.769978  0.071089
-3.759978  0.071206
-3.749978  0.071319
-3.739978  0.071428
-3.729978  0.071534
-3.719978  0.071636
-3.709978  0.071735
-3.699978  0.071830
-3.689978  0.071921
-3.679978  0.072008
-3.669978  0.072091
-3.659978  0.072170
-3.649978  0.072246
-3.639978  0.072318
-3.629978  0.072385
-3.619978  0.072449
-3.609978  0.072508
-3.599978  0.072564
-3.589978  0.072616
-3.579978  0.072663
-3.569978  0.072706
-3.559978  0.072746
-3.549978  0.072781
-3.539978  0.072813
-3.529978  0.072841
-3.519978  0.072867
-3.509978  0.072890
-3.499978  0.072911
-3.489978  0.072930
-3.479978  0.072946
-3.469978  0.072962
-3.459978  0.072976
-3.449978  0.072989
-3.439978  0.073002
-3.429978  0.073015
-3.419978  0.073027
-3.409978  0.073040
-3.399978  0.073053
-3.389978  0.073067
-3.379978  0.073083
-3.369978  0.073100
-3.359978  0.073118
-3.349978  0.073139
-3.339978  0.073162
-3.329978  0.073187
-3.319978  0.073216
-3.309978  0.073248
-3.299978  0.073283
-3.289978  0.073322
-3.279978  0.073365
-3.269978  0.073413
-3.259978  0.073465
-3.249978  0.073522
-3.239978  0.073585
-3.229978  0.073653
-3.219978  0.073727
-3.209978  0.073807
-3.199978  0.073894
-3.189978  0.073987
-3.179978  0.074087
-3.169978  0.074195
-3.159978  0.074310
-3.149978  0.074433
-3.139978  0.074565
-3.129978  0.074705
-3.119978  0.074854
-3.109978  0.075011
-3.099978  0.075179
-3.089978  0.075355
-3.079978  0.075542
-3.069978  0.075739
-3.059978  0.075947
-3.049978  0.076166
-3.039978  0.076395
-3.029978  0.076636
-3.019978  0.076889
-3.009978  0.077154
-2.999978  0.077431
-2.989978  0.077721
-2.979978  0.078024
-2.969978  0.078339
-2.959978  0.078669
-2.949978  0.079012
-2.939978  0.079369
-2.929978  0.079741
-2.919978  0.080127
-2.909978  0.080528
-2.899978  0.080945
-2.889978  0.081377
-2.879978  0.081824
-2.869978  0.082288
-2.859978  0.082769
-2.849978  0.083266
-2.839978  0.083780
-2.829978  0.084312
-2.819978  0.084861
-2.809978  0.085427
-2.799978  0.086013
-2.789979  0.086616
-2.779979  0.087238
-2.769979  0.087880
-2.759979  0.088541
-2.749979  0.089221
-2.739979  0.089921
-2.729979  0.090642
-2.719979  0.091383
-2.709979  0.092145
-2.699979  0.092928
-2.689979  0.093733
-2.679979  0.094559
-2.669979  0.095407
-2.659979  0.096278
-2.649979  0.097171
-2.639979  0.098087
-2.629979  0.099026
-2.619979  0.099988
-2.609979  0.100975
-2.599979  0.101985
-2.589979  0.103020
-2.579979  0.104079
-2.569979  0.105163
-2.559979  0.106273
-2.549979  0.107408
-2.539979  0.108569
-2.529979  0.109756
-2.519979  0.110969
-2.509979  0.112209
-2.499979  0.113476
-2.489979  0.114771
-2.479979  0.116092
-2.469979  0.117442
-2.459979  0.118820
-2.449979  0.120226
-2.439979  0.121662
-2.429979  0.123126
-2.419979  0.124619
-2.409979  0.126142
-2.399979  0.127695
-2.389979  0.129279
-2.379979  0.130892
-2.369979  0.132537
-2.359979  0.134212
-2.349979  0.135919
-2.339979  0.137658
-2.329979  0.139429
-2.319979  0.141232
-2.309979  0.143067
-2.299979  0.144936
-2.289979  0.146837
-2.279979  0.148772
-2.269979  0.150741
-2.259979  0.152743
-2.249979  0.154780
-2.239979  0.156852
-2.229979  0.158959
-2.219979  0.161100
-2.209979  0.163277
-2.199979  0.165490
-2.189979  0.167740
-2.179979  0.170025
-2.169979  0.172347
-2.159979  0.174706
-2.149979  0.177103
-2.139979  0.179536
-2.129979  0.182008
-2.119979  0.184516
-2.109979  0.187062
-2.099979  0.189643
-2.089979  0.192259
-2.079979  0.194911
-2.069979  0.197597
-2.059979  0.200318
-2.049979  0.203071
-2.039979  0.205858
-2.029979  0.208677
-2.019979  0.211528
-2.009979  0.214411
-1.999979  0.217324
-1.989979  0.220268
-1.979979  0.223241
-1.969979  0.226244
-1.959979  0.229276
-1.949979  0.232336
-1.939979  0.235424
-1.929979  0.238539
-1.919979  0.241681
-1.909979  0.244850
-1.899979  0.248044
-1.889979  0.251263
-1.879979  0.254507
-1.869979  0.257775
-1.859979  0.261066
-1.849979  0.264381
-1.839979  0.267719
-1.829979  0.271079
-1.819979  0.274460
-1.809979  0.277862
-1.799979  0.281285
-1.789979  0.284728
-1.779979  0.288191
-1.769979  0.291672
-1.759979  0.295172
-1.749979  0.298690
-1.739980  0.302226
-1.729980  0.305779
-1.719980  0.309347
-1.709980  0.312932
-1.699980  0.316533
-1.689980  0.320148
-1.679980  0.323778
-1.669980  0.327421
-1.659980  0.331078
-1.649980  0.334747
-1.639980  0.338429
-1.629980  0.342123
-1.619980  0.345828
-1.609980  0.349544
-1.599980  0.353270
-1.589980  0.357006
-1.579980  0.360751
-1.569980  0.364505
-1.559980  0.368267
-1.549980  0.372036
-1.539980  0.375813
-1.529980  0.379597
-1.519980  0.383386
-1.509980  0.387181
-1.499980  0.390982
-1.489980  0.394786
-1.479980  0.398595
-1.469980  0.402408
-1.459980  0.406223
-1.449980  0.410041
-1.439980  0.413861
-1.429980  0.417683
-1.419980  0.421505
-1.409980  0.425328
-1.399980  0.429151
-1.389980  0.432973
-1.379980  0.436794
-1.369980  0.440614
-1.359980  0.444431
-1.349980  0.448246
-1.339980  0.452057
-1.329980  0.455865
-1.319980  0.459669
-1.309980  0.463468
-1.299980  0.467261
-1.289980  0.471049
-1.279980  0.474831
-1.269980  0.478606
-1.259980  0.482374
-1.249980  0.486134
-1.239980  0.489885
-1.229980  0.493628
-1.219980  0.497361
-1.209980  0.501085
-1.199980  0.504798
-1.189980  0.508500
-1.179980  0.512191
-1.169980  0.515870
-1.159980  0.519536
-1.149980  0.523189
-1.139980  0.526829
-1.129980  0.530455
-1.119980  0.534067
-1.109980  0.537663
-1.099980  0.541244
-1.089980  0.544808
-1.079980  0.548357
-1.069980  0.551888
-1.059980  0.555401
-1.049980  0.558896
-1.039980  0.562373
-1.029980  0.565831
-1.019980  0.569268
-1.009980  0.572686
-0.999980  0.576083
-0.989980  0.579459
-0.979980  0.582813
-0.969980  0.586144
-0.959980  0.589453
-0.949980  0.592739
-0.939980  0.596001
-0.929980  0.599238
-0.919980  0.602451
-0.909980  0.605638
-0.899980  0.608800
-0.889980  0.611935
-0.879980  0.615043
-0.869980  0.618124
-0.859980  0.621176
-0.849980  0.624201
-0.839980  0.627196
-0.829980  0.630162
-0.819980  0.633098
-0.809980  0.636003
-0.799980  0.638878
-0.789980  0.641720
-0.779980  0.644531
-0.769980  0.647309
-0.759980  0.650054
-0.749980  0.652766
-0.739980  0.655443
-0.729980  0.658086
-0.719980  0.660693
-0.709980  0.663265
-0.699980  0.665801
-0.689981  0.668301
-0.679981  0.670765
-0.669981  0.673193
-0.659981  0.675585
-0.649981  0.677941
-0.639981  0.680261
-0.629981  0.682545
-0.619981  0.684793
-0.609981  0.687005
-0.599981  0.689181
-0.589981  0.691321
-0.579981  0.693426
-0.569981  0.695494
-0.559981  0.697526
-0.549981  0.699522
-0.539981  0.701483
-0.529981  0.703407
-0.519981  0.705296
-0.509981  0.707148
-0.499981  0.708964
-0.489981  0.710745
-0.479981  0.712489
-0.469981  0.714198
-0.459981  0.715871
-0.449981  0.717507
-0.439981  0.719108
-0.429981  0.720672
-0.419981  0.722201
-0.409981  0.723694
-0.399981  0.725151
-0.389981  0.726571
-0.379981  0.727956
-0.369981  0.729305
-0.359981  0.730618
-0.349981  0.731895
-0.339981  0.733136
-0.329981  0.734341
-0.319981  0.735510
-0.309981  0.736643
-0.299981  0.737740
-0.289981  0.738801
-0.279981  0.739826
-0.269981  0.740815
-0.259981  0.741768
-0.249981  0.742685
-0.239981  0.743567
-0.229981  0.744412
-0.219981  0.745221
-0.209981  0.745994
-0.199981  0.746732
-0.189981  0.747433
-0.179981  0.748099
-0.169981  0.748728
-0.159981  0.749321
-0.149981  0.749879
-0.139981  0.750400
-0.129981  0.750886
-0.119981  0.751336
-0.109981  0.751749
-0.099981  0.752127
-0.089981  0.752468
-0.079981  0.752774
-0.069981  0.753044
-0.059981  0.753278
-0.049981  0.753475
-0.039981  0.753637
-0.029981  0.753763
-0.019981  0.753853
-0.009981  0.753907
0.000019  0.753925
0.010019  0.753907
0.020019  0.753852
0.030019  0.753762
0.040019  0.753637
0.050019  0.753475
0.060019  0.753277
0.070019  0.753043
0.080019  0.752773
0.090019  0.752467
0.100019  0.752125
0.110019  0.751748
0.120019  0.751334
0.130019  0.750884
0.140019  0.750398
0.150019  0.749877
0.160019  0.749319
0.170019  0.748726
0.180019  0.748096
0.190019  0.747431
0.200019  0.746729
0.210019  0.745992
0.220019  0.745218
0.230019  0.744409
0.240019  0.743563
0.250019  0.742682
0.260019  0.741765
0.270019  0.740811
0.280019  0.739822
0.290019  0.738797
0.300019  0.737736
0.310019  0.736638
0.320019  0.735505
0.330019  0.734336
0.340019  0.733131
0.350019  0.731890
0.360019  0.730613
0.370019  0.729300
0.380019  0.727951
0.390019  0.726566
0.400019  0.725145
0.410019  0.723688
0.420019  0.722195
0.430019  0.720667
0.440019  0.719102
0.450019  0.717501
0.460019  0.715864
0.470019  0.714191
0.480019  0.712483
0.490019  0.710738
0.500019  0.708958
0.510019  0.707141
0.520019  0.705288
0.530019  0.703400
0.540019  0.701475
0.550019  0.699515
0.560019  0.697518
0.570019  0.695486
0.580019  0.693418
0.590019  0.691313
0.600019  0.689173
0.610019  0.686997
0.620019  0.684784
0.630019  0.682536
0.640019  0.680252
0.650019  0.677932
0.660019  0.675575
0.670019  0.673183
0.680019  0.670755
0.690019  0.668291
0.700019  0.665791
0.710019  0.663255
0.720019  0.660683
0.730019  0.658076
0.740019  0.655433
0.750019  0.652755
0.760019  0.650044
0.770019  0.647299
0.780019  0.644520
0.790019  0.641709
0.800019  0.638867
0.810019  0.635992
0.820019  0.633087
0.830019  0.630151
0.840019  0.627185
0.850019  0.624189
0.860019  0.621165
0.870019  0.618112
0.880019  0.615031
0.890019  0.611923
0.900019  0.608788
0.910019  0.605626
0.920019  0.602439
0.930019  0.599226
0.940019  0.595988
0.950019  0.592726
0.960019  0.589441
0.970019  0.586132
0.980018  0.582800
0.990018  0.579446
1.000018  0.576070
1.010018  0.572673
1.020018  0.569255
1.030018  0.565817
1.040018  0.562360
1.050018  0.558883
1.060018  0.555388
1.070018  0.551874
1.080018  0.548343
1.090018  0.544795
1.100018  0.541230
1.110018  0.537649
1.120018  0.534053
1.130018  0.530441
1.140018  0.526815
1.150018  0.523175
1.160018  0.519522
1.170018  0.515855
1.180018  0.512177
1.190018  0.508486
1.200018  0.504784
1.210018  0.501070
1.220018  0.497347
1.230018  0.493614
1.240018  0.489871
1.250018  0.486119
1.260018  0.482359
1.270018  0.478592
1.280018  0.474817
1.290018  0.471035
1.300018  0.467247
1.310018  0.463453
1.320018  0.459654
1.330018  0.455850
1.340018  0.452043
1.350018  0.448231
1.360018  0.444416
1.370018  0.440599
1.380018  0.436779
1.390018  0.432958
1.400018  0.429136
1.410018  0.425313
1.420018  0.421490
1.430018  0.417668
1.440018  0.413847
1.450018  0.410027
1.460018  0.406209
1.470018  0.402393
1.480018  0.398581
1.490018  0.394772
1.500018  0.390967
1.510018  0.387167
1.520018  0.383372
1.530018  0.379582
1.540018  0.375799
1.550018  0.372022
1.560018  0.368252
1.570018  0.364490
1.580018  0.360737
1.590018  0.356992
1.600018  0.353256
1.610018  0.349530
1.620018  0.345814
1.630018  0.342109
1.640018  0.338415
1.650018  0.334733
1.660018  0.331064
1.670018  0.327407
1.680018  0.323764
1.690018  0.320134
1.700018  0.316519
1.710018  0.312919
1.720018  0.309334
1.730018  0.305765
1.740018  0.302212
1.750018  0.298677
1.760018  0.295159
1.770018  0.291659
1.780018  0.288177
1.790018  0.284715
1.800018  0.281272
1.810018  0.277849
1.820018  0.274447
1.830018  0.271066
1.840018  0.267706
1.850018  0.264369
1.860018  0.261054
1.870018  0.257762
1.880018  0.254494
1.890018  0.251250
1.900018  0.248031
1.910018  0.244837
1.920018  0.241669
1.930018  0.238527
1.940018  0.235412
1.950018  0.232324
1.960018  0.229264
1.970018  0.226233
1.980018  0.223230
1.990018  0.220256
2.000018  0.217313
2.010018  0.214400
2.020018  0.211517
2.030018  0.208666
2.040018  0.205847
2.050018  0.203061
2.060018  0.200307
2.070018  0.197587
2.080018  0.194901
2.090018  0.192249
2.100018  0.189633
2.110018  0.187052
2.120018  0.184507
2.130018  0.181998
2.140018  0.179527
2.150017  0.177093
2.160017  0.174697
2.170017  0.172338
2.180017  0.170016
2.190017  0.167731
2.200017  0.165482
2.210017  0.163269
2.220017  0.161092
2.230017  0.158950
2.240017  0.156844
2.250017  0.154773
2.260017  0.152736
2.270017  0.150733
2.280017  0.148765
2.290017  0.146830
2.300017  0.144928
2.310017  0.143060
2.320017  0.141225
2.330017  0.139422
2.340017  0.137651
2.350017  0.135913
2.360017  0.134206
2.370017  0.132530
2.380017  0.130886
2.390017  0.129272
2.400017  0.127689
2.410017  0.126136
2.420017  0.124613
2.430017  0.123120
2.440017  0.121656
2.450017  0.120221
2.460017  0.118815
2.470017  0.117437
2.480017  0.116087
2.490017  0.114766
2.500017  0.113471
2.510017  0.112204
2.520017  0.110964
2.530017  0.109751
2.540017  0.108564
2.550017  0.107404
2.560017  0.106269
2.570017  0.105159
2.580017  0.104075
2.590017  0.103016
2.600017  0.101981
2.610017  0.100971
2.620017  0.099985
2.630017  0.099022
2.640017  0.098083
2.650017  0.097167
2.660017  0.096274
2.670017  0.095404
2.680017  0.094556
2.690017  0.093730
2.700017  0.092925
2.710017  0.092142
2.720017  0.091380
2.730017  0.090639
2.740017  0.089919
2.750017  0.089218
2.760017  0.088538
2.770017  0.087877
2.780017  0.087236
2.790017  0.086614
2.800017  0.086010
2.810017  0.085425
2.820017  0.084858
2.830017  0.084309
2.840017  0.083778
2.850017  0.083264
2.860017  0.082767
2.870017  0.082287
2.880017  0.081823
2.890017  0.081375
2.900017  0.080943
2.910017  0.080527
2.920017  0.080125
2.930017  0.079739
2.940017  0.079368
2.950017  0.079011
2.960017  0.078668
2.970017  0.078338
2.980017  0.078022
2.990017  0.077720
3.000017  0.077430
3.010017  0.077153
3.020017  0.076888
3.030017  0.076635
3.040017  0.076394
3.050017  0.076165
3.060017  0.075946
3.070017  0.075739
3.080017  0.075542
3.090017  0.075355
3.100017  0.075178
3.110017  0.075011
3.120017  0.074853
3.130017  0.074704
3.140017  0.074564
3.150017  0.074433
3.160017  0.074310
3.170017  0.074195
3.180017  0.074087
3.190017  0.073987
3.200016  0.073893
3.210016  0.073807
3.220016  0.073727
3.230016  0.073653
3.240016  0.073585
3.250016  0.073522
3.260016  0.073465
3.270016  0.073413
3.280016  0.073365
3.290016  0.073322
3.300016  0.073283
3.310016  0.073248
3.320016  0.073216
3.330016  0.073187
3.340016  0.073162
3.350016  0.073139
3.360016  0.073118
3.370016  0.073100
3.380016  0.073083
3.390016  0.073067
3.400016  0.073053
3.410016  0.073040
3.420016  0.073027
3.430016  0.073015
3.440016  0.073002
3.450016  0.072989
3.460016  0.072976
3.470016  0.072962
3.480016  0.072946
3.490016  0.072930
3.500016  0.072911
3.510016  0.072890
3.520016  0.072867
3.530016  0.072841
3.540016  0.072813
3.550016  0.072781
3.560016  0.072745
3.570016  0.072706
3.580016  0.072663
3.590016  0.072615
3.600016  0.072564
3.610016  0.072508
3.620016  0.072449
3.630016  0.072385
3.640016  0.072317
3.650016  0.072246
3.660016  0.072170
3.670016  0.072091
3.680016  0.072007
3.690016  0.071920
3.700016  0.071829
3.710016  0.071735
3.720016  0.071636
3.730016  0.071534
3.740016  0.071428
3.750016  0.071318
3.760016  0.071205
3.770016  0.071088
3.780016  0.070968
3.790016  0.070844
3.800016  0.070717
3.810016  0.070586
3.820016  0.070451
3.830016  0.070313
3.840016  0.070172
3.850016  0.070028
3.860016  0.069880
3.870016  0.069728
3.880016  0.069574
3.890016  0.069416
3.900016  0.069255
3.910016  0.069091
3.920016  0.068923
3.930016  0.068753
3.940016  0.068579
3.950016  0.068402
3.960016  0.068223
3.970016  0.068040
3.980016  0.067854
3.990016  0.067665
4.000016  0.067473
4.010016  0.067279
4.020016  0.067081
4.030016  0.066881
4.040017  0.066678
4.050017  0.066472
4.060017  0.066263
4.070017  0.066051
4.080018  0.065837
4.090018  0.065620
4.100018  0.065401
4.110018  0.065179
4.120018  0.064954
4.130019  0.064727
4.140019  0.064497
4.150019  0.064265
4.160019  0.064030
4.170020  0.063793
4.180020  0.063553
4.190020  0.063311
4.200020  0.063067
4.210021  0.062820
4.220021  0.062571
4.230021  0.062320
4.240021  0.062066
4.250021  0.061811
4.260022  0.061553
4.270022  0.061293
4.280022  0.061030
4.290022  0.060766
4.300023  0.060500
4.310023  0.060232
4.320023  0.059961
4.330023  0.059689
4.340024  0.059415
4.350024  0.059138
4.360024  0.058860
4.370024  0.058580
4.380024  0.058298
4.390025  0.058015
4.400025  0.057729
4.410025  0.057442
4.420025  0.057153
4.430026  0.056863
4.440026  0.056571
4.450026  0.056277
4.460026  0.055982
4.470026  0.055685
4.480027  0.055386
4.490027  0.055086
4.500027  0.054784
4.510027  0.054482
4.520028  0.054177
4.530028  0.053871
4.540028  0.053564
4.550028  0.053256
4.560029  0.052946
4.570029  0.052635
4.580029  0.052322
4.590029  0.052009
4.600029  0.051694
4.610030  0.051378
4.620030  0.051061
4.630030  0.050743
4.640030  0.050424
4.650031  0.050104
4.660031  0.049782
4.670031  0.049460
4.680031  0.049137
4.690032  0.048813
4.700032  0.048487
4.710032  0.048161
4.720032  0.047835
4.730032  0.047507
4.740033  0.047179
4.750033  0.046850
4.760033  0.046520
4.770033  0.046189
4.780034  0.045858
4.790034  0.045526
4.800034  0.045193
4.810034  0.044860
4.820035  0.044527
4.830035  0.044193
4.840035  0.043858
4.850035  0.043523
4.860035  0.043187
4.870036  0.042851
4.880036  0.042515
4.890036  0.042178
4.900036  0.041841
4.910037  0.041504
4.920037  0.041167
4.930037  0.040829
4.940037  0.040491
4.950037  0.040153
4.960038  0.039814
4.970038  0.039476
4.980038  0.039137
4.990038  0.038799


-5.000000  0.038462
-4.990000  0.038621
-4.980000  0.038781
-4.969999  0.038941
-4.959999  0.039101
-4.949999  0.039262
-4.939999  0.039422
-4.929998  0.039582
-4.919998  0.039743
-4.909998  0.039904
-4.899998  0.040065
-4.889997  0.040227
-4.879997  0.040389
-4.869997  0.040551
-4.859997  0.040713
-4.849997  0.040876
-4.839996  0.041040
-4.829996  0.041203
-4.819996  0.041368
-4.809996  0.041533
-4.799995  0.041698
-4.789995  0.041864
-4.779995  0.042031
-4.769995  0.042198
-4.759995  0.042366
-4.749994  0.042534
-4.739994  0.042704
-4.729994  0.042874
-4.719994  0.043045
-4.709993  0.043216
-4.699993  0.043389
-4.689993  0.043562
-4.679993  0.043736
-4.669992  0.043911
-4.659992  0.044088
-4.649992  0.044265
-4.639992  0.044443
-4.629992  0.044622
-4.619991  0.044802
-4.609991  0.044984
-4.599991  0.045166
-4.589991  0.045350
-4.579990  0.045534
-4.569990  0.045720
-4.559990  0.045908
-4.549990  0.046096
-4.539989  0.046286
-4.529989  0.046477
-4.519989  0.046670
-4.509989  0.046864
-4.499989  0.047059
-4.489988  0.047256
-4.479988  0.047454
-4.469988  0.047654
-4.459988  0.047855
-4.449987  0.048058
-4.439987  0.048262
-4.429987  0.048467
-4.419987  0.048674
-4.409986  0.048883
-4.399986  0.049093
-4.389986  0.049305
-4.379986  0.049518
-4.369986  0.049733
-4.359985  0.049949
-4.349985  0.050167
-4.339985  0.050386
-4.329985  0.050607
-4.319984  0.050830
-4.309984  0.051054
-4.299984  0.051279
-4.289984  0.051507
-4.279984  0.051735
-4.269983  0.051966
-4.259983  0.052198
-4.249983  0.052432
-4.239983  0.052667
-4.229982  0.052904
-4.219982  0.053143
-4.209982  0.053383
-4.199982  0.053625
-4.189981  0.053869
-4.179981  0.054114
-4.169981  0.054361
-4.159981  0.054609
-4.149981  0.054860
-4.139980  0.055112
-4.129980  0.055366
-4.119980  0.055621
-4.109980  0.055878
-4.099979  0.056137
-4.089979  0.056398
-4.079979  0.056661
-4.069979  0.056925
-4.059978  0.057191
-4.049978  0.057459
-4.039978  0.057728
-4.029978  0.057999
-4.019978  0.058273
-4.009977  0.058547
-3.999977  0.058824
-3.989977  0.059103
-3.979977  0.059383
-3.969977  0.059665
-3.959977  0.059949
-3.949977  0.060236
-3.939977  0.060524
-3.929977  0.060813
-3.919977  0.061105
-3.909977  0.061399
-3.899977  0.061695
-3.889977  0.061993
-3.879977  0.062293
-3.869977  0.062596
-3.859977  0.062900
-3.849977  0.063206
-3.839978  0.063515
-3.829978  0.063826
-3.819978  0.064139
-3.809978  0.064454
-3.799978  0.064772
-3.789978  0.065092
-3.779978  0.065414
-3.769978  0.065739
-3.759978  0.066066
-3.749978  0.066395
-3.739978  0.066726
-3.729978  0.067061
-3.719978  0.067397
-3.709978  0.067736
-3.699978  0.068078
-3.689978  0.068422
-3.679978  0.068769
-3.669978  0.069118
-3.659978  0.069470
-3.649978  0.069824
-3.639978  0.070181
-3.629978  0.070541
-3.619978  0.070904
-3.609978  0.071269
-3.599978  0.071637
-3.589978  0.072008
-3.579978  0.072381
-3.569978  0.072757
-3.559978  0.073137
-3.549978  0.073519
-3.539978  0.073904
-3.529978  0.074291
-3.519978  0.074682
-3.509978  0.075076
-3.499978  0.075473
-3.489978  0.075872
-3.479978  0.076275
-3.469978  0.076681
-3.459978  0.077090
-3.449978  0.077502
-3.439978  0.077917
-3.429978  0.078336
-3.419978  0.078758
-3.409978  0.079183
-3.399978  0.079612
-3.389978  0.080044
-3.379978  0.080479
-3.369978  0.080918
-3.359978  0.081361
-3.349978  0.081807
-3.339978  0.082257
-3.329978  0.082710
-3.319978  0.083167
-3.309978  0.083628
-3.299978  0.084093
-3.289978  0.084561
-3.279978  0.085034
-3.269978  0.085510
-3.259978  0.085990
-3.249978  0.086475
-3.239978  0.086963
-3.229978  0.087455
-3.219978  0.087952
-3.209978  0.088453
-3.199978  0.088957
-3.189978  0.089467
-3.179978  0.089980
-3.169978  0.090498
-3.159978  0.091020
-3.149978  0.091546
-3.139978  0.092077
-3.129978  0.092613
-3.119978  0.093153
-3.109978  0.093697
-3.099978  0.094246
-3.089978  0.094800
-3.079978  0.095359
-3.069978  0.095922
-3.059978  0.096490
-3.049978  0.097063
-3.039978  0.097641
-3.029978  0.098223
-3.019978  0.098811
-3.009978  0.099404
-2.999978  0.100001
-2.989978  0.100604
-2.979978  0.101212
-2.969978  0.101825
-2.959978  0.102443
-2.949978  0.103067
-2.939978  0.103696
-2.929978  0.104331
-2.919978  0.104971
-2.909978  0.105617
-2.899978  0.106269
-2.889978  0.106927
-2.879978  0.107590
-2.869978  0.108260
-2.859978  0.108935
-2.849978  0.109617
-2.839978  0.110305
-2.829978  0.110999
-2.819978  0.111700
-2.809978  0.112407
-2.799978  0.113120
-2.789979  0.113841
-2.779979  0.114567
-2.769979  0.115301
-2.759979  0.116041
-2.749979  0.116788
-2.739979  0.117543
-2.729979  0.118304
-2.719979  0.119072
-2.709979  0.119848
-2.699979  0.120631
-2.689979  0.121421
-2.679979  0.122219
-2.669979  0.123024
-2.659979  0.123837
-2.649979  0.124657
-2.639979  0.125485
-2.629979  0.126321
-2.619979  0.127165
-2.609979  0.128017
-2.599979  0.128876
-2.589979  0.129744
-2.579979  0.130620
-2.569979  0.131505
-2.559979  0.132397
-2.549979  0.133299
-2.539979  0.134208
-2.529979  0.135126
-2.519979  0.136053
-2.509979  0.136989
-2.499979  0.137933
-2.489979  0.138886
-2.479979  0.139849
-2.469979  0.140820
-2.459979  0.141801
-2.449979  0.142791
-2.439979  0.143791
-2.429979  0.144801
-2.419979  0.145821
-2.409979  0.146852
-2.399979  0.147893
-2.389979  0.148944
-2.379979  0.150006
-2.369979  0.151079
-2.359979  0.152163
-2.349979  0.153258
-2.339979  0.154365
-2.329979  0.155483
-2.319979  0.156613
-2.309979  0.157755
-2.299979  0.158909
-2.289979  0.160076
-2.279979  0.161254
-2.269979  0.162446
-2.259979  0.163650
-2.249979  0.164867
-2.239979  0.166097
-2.229979  0.167341
-2.219979  0.168598
-2.209979  0.169869
-2.199979  0.171153
-2.189979  0.172452
-2.179979  0.173764
-2.169979  0.175091
-2.159979  0.176432
-2.149979  0.177789
-2.139979  0.179159
-2.129979  0.180545
-2.119979  0.181946
-2.109979  0.183363
-2.099979  0.184795
-2.089979  0.186242
-2.079979  0.187705
-2.069979  0.189185
-2.059979  0.190680
-2.049979  0.192192
-2.039979  0.193721
-2.029979  0.195266
-2.019979  0.196828
-2.009979  0.198407
-1.999979  0.200003
-1.989979  0.201617
-1.979979  0.203248
-1.969979  0.204898
-1.959979  0.206565
-1.949979  0.208251
-1.939979  0.209956
-1.929979  0.211679
-1.919979  0.213422
-1.909979  0.215185
-1.899979  0.216967
-1.889979  0.218770
-1.879979  0.220593
-1.869979  0.222436
-1.859979  0.224301
-1.849979  0.226187
-1.839979  0.228094
-1.829979  0.230023
-1.819979  0.231974
-1.809979  0.233948
-1.799979  0.235944
-1.789979  0.237963
-1.779979  0.240005
-1.769979  0.242070
-1.759979  0.244159
-1.749979  0.246273
-1.739980  0.248410
-1.729980  0.250572
-1.719980  0.252759
-1.709980  0.254970
-1.699980  0.257208
-1.689980  0.259470
-1.679980  0.261759
-1.669980  0.264074
-1.659980  0.266415
-1.649980  0.268783
-1.639980  0.271178
-1.629980  0.273601
-1.619980  0.276051
-1.609980  0.278528
-1.599980  0.281034
-1.589980  0.283568
-1.579980  0.286131
-1.569980  0.288723
-1.559980  0.291344
-1.549980  0.293994
-1.539980  0.296674
-1.529980  0.299385
-1.519980  0.302125
-1.509980  0.304896
-1.499980  0.307698
-1.489980  0.310531
-1.479980  0.313396
-1.469980  0.316293
-1.459980  0.319223
-1.449980  0.322187
-1.439980  0.325185
-1.429980  0.328217
-1.419980  0.331285
-1.409980  0.334389
-1.399980  0.337529
-1.389980  0.340706
-1.379980  0.343921
-1.369980  0.347175
-1.359980  0.350467
-1.349980  0.353799
-1.339980  0.357172
-1.329980  0.360585
-1.319980  0.364039
-1.309980  0.367535
-1.299980  0.371074
-1.289980  0.374656
-1.279980  0.378282
-1.269980  0.381952
-1.259980  0.385667
-1.249980  0.389427
-1.239980  0.393234
-1.229980  0.397087
-1.219980  0.400988
-1.209980  0.404937
-1.199980  0.408935
-1.189980  0.412981
-1.179980  0.417078
-1.169980  0.421224
-1.159980  0.425422
-1.149980  0.429671
-1.139980  0.433973
-1.129980  0.438327
-1.119980  0.442735
-1.109980  0.447197
-1.099980  0.451713
-1.089980  0.456284
-1.079980  0.460912
-1.069980  0.465595
-1.059980  0.470336
-1.049980  0.475134
-1.039980  0.479990
-1.029980  0.484906
-1.019980  0.489880
-1.009980  0.494915
-0.999980  0.500010
-0.989980  0.505166
-0.979980  0.510382
-0.969980  0.515656
-0.959980  0.520986
-0.949980  0.526371
-0.939980  0.531810
-0.929980  0.537300
-0.919980  0.542840
-0.909980  0.548429
-0.899980  0.554065
-0.889980  0.559747
-0.879980  0.565472
-0.869980  0.571240
-0.859980  0.577049
-0.849980  0.582896
-0.839980  0.588782
-0.829980  0.594703
-0.819980  0.600659
-0.809980  0.606647
-0.799980  0.612667
-0.789980  0.618717
-0.779980  0.624794
-0.769980  0.630899
-0.759980  0.637028
-0.749980  0.643181
-0.739980  0.649356
-0.729980  0.655551
-0.719980  0.661764
-0.709980  0.667995
-0.699980  0.674241
-0.689981  0.680502
-0.679981  0.686774
-0.669981  0.693058
-0.659981  0.699351
-0.649981  0.705651
-0.639981  0.711958
-0.629981  0.718269
-0.619981  0.724583
-0.609981  0.730899
-0.599981  0.737214
-0.589981  0.743528
-0.579981  0.749838
-0.569981  0.756144
-0.559981  0.762443
-0.549981  0.768733
-0.539981  0.775015
-0.529981  0.781285
-0.519981  0.787542
-0.509981  0.793785
-0.499981  0.800012
-0.489981  0.806221
-0.479981  0.812408
-0.469981  0.818570
-0.459981  0.824701
-0.449981  0.830797
-0.439981  0.836855
-0.429981  0.842869
-0.419981  0.848836
-0.409981  0.854751
-0.399981  0.860610
-0.389981  0.866409
-0.379981  0.872144
-0.369981  0.877809
-0.359981  0.883402
-0.349981  0.888917
-0.339981  0.894351
-0.329981  0.899698
-0.319981  0.904956
-0.309981  0.910119
-0.299981  0.915183
-0.289981  0.920145
-0.279981  0.924999
-0.269981  0.929741
-0.259981  0.934368
-0.249981  0.938875
-0.239981  0.943257
-0.229981  0.947510
-0.219981  0.951631
-0.209981  0.955615
-0.199981  0.959456
-0.189981  0.963153
-0.179981  0.966699
-0.169981  0.970091
-0.159981  0.973324
-0.149981  0.976394
-0.139981  0.979298
-0.129981  0.982029
-0.119981  0.984586
-0.109981  0.986962
-0.099981  0.989154
-0.089981  0.991157
-0.079981  0.992968
-0.069981  0.994582
-0.059981  0.995994
-0.049981  0.997200
-0.039981  0.998197
-0.029981  0.998980
-0.019981  0.999544
-0.009981  0.999886
0.000019  1.000000
0.010019  0.999885
0.020019  0.999542
0.030019  0.998977
0.040019  0.998194
0.050019  0.997196
0.060019  0.995989
0.070019  0.994576
0.080019  0.992961
0.090019  0.991150
0.100019  0.989146
0.110019  0.986953
0.120019  0.984576
0.130019  0.982019
0.140019  0.979287
0.150019  0.976383
0.160019  0.973312
0.170019  0.970078
0.180019  0.966685
0.190019  0.963139
0.200019  0.959442
0.210019  0.955600
0.220019  0.951616
0.230019  0.947494
0.240019  0.943240
0.250019  0.938858
0.260019  0.934351
0.270019  0.929724
0.280019  0.924981
0.290019  0.920126
0.300019  0.915164
0.310019  0.910100
0.320019  0.904936
0.330019  0.899678
0.340019  0.894330
0.350019  0.888896
0.360019  0.883381
0.370019  0.877788
0.380019  0.872122
0.390019  0.866387
0.400019  0.860588
0.410019  0.854728
0.420019  0.848813
0.430019  0.842846
0.440019  0.836831
0.450019  0.830774
0.460019  0.824677
0.470019  0.818546
0.480019  0.812385
0.490019  0.806197
0.500019  0.799988
0.510019  0.793761
0.520019  0.787518
0.530019  0.781261
0.540019  0.774991
0.550019  0.768709
0.560019  0.762418
0.570019  0.756119
0.580019  0.749814
0.590019  0.743504
0.600019  0.737190
0.610019  0.730875
0.620019  0.724559
0.630019  0.718245
0.640019  0.711934
0.650019  0.705627
0.660019  0.699327
0.670019  0.693034
0.680019  0.686750
0.690019  0.680478
0.700019  0.674217
0.710019  0.667971
0.720019  0.661740
0.730019  0.655527
0.740019  0.649332
0.750019  0.643157
0.760019  0.637005
0.770019  0.630875
0.780019  0.624771
0.790019  0.618694
0.800019  0.612644
0.810019  0.606624
0.820019  0.600636
0.830019  0.594680
0.840019  0.588759
0.850019  0.582874
0.860019  0.577026
0.870019  0.571218
0.880019  0.565450
0.890019  0.559725
0.900019  0.554044
0.910019  0.548408
0.920019  0.542819
0.930019  0.537279
0.940019  0.531789
0.950019  0.526350
0.960019  0.520965
0.970019  0.515635
0.980018  0.510362
0.990018  0.505146
1.000018  0.499991
1.010018  0.494896
1.020018  0.489861
1.030018  0.484887
1.040018  0.479972
1.050018  0.475116
1.060018  0.470318
1.070018  0.465577
1.080018  0.460894
1.090018  0.456267
1.100018  0.451695
1.110018  0.447179
1.120018  0.442718
1.130018  0.438310
1.140018  0.433956
1.150018  0.429655
1.160018  0.425406
1.170018  0.421208
1.180018  0.417062
1.190018  0.412966
1.200018  0.408919
1.210018  0.404922
1.220018  0.400973
1.230018  0.397073
1.240018  0.393219
1.250018  0.389413
1.260018  0.385652
1.270018  0.381937
1.280018  0.378268
1.290018  0.374642
1.300018  0.371060
1.310018  0.367522
1.320018  0.364026
1.330018  0.360571
1.340018  0.357159
1.350018  0.353787
1.360018  0.350455
1.370018  0.347162
1.380018  0.343909
1.390018  0.340694
1.400018  0.337517
1.410018  0.334377
1.420018  0.331273
1.430018  0.328205
1.440018  0.325173
1.450018  0.322175
1.460018  0.319212
1.470018  0.316282
1.480018  0.313385
1.490018  0.310520
1.500018  0.307687
1.510018  0.304885
1.520018  0.302115
1.530018  0.299374
1.540018  0.296664
1.550018  0.293984
1.560018  0.291334
1.570018  0.288713
1.580018  0.286121
1.590018  0.283559
1.600018  0.281024
1.610018  0.278519
1.620018  0.276041
1.630018  0.273591
1.640018  0.271169
1.650018  0.268774
1.660018  0.266406
1.670018  0.264065
1.680018  0.261750
1.690018  0.259462
1.700018  0.257199
1.710018  0.254962
1.720018  0.252750
1.730018  0.250564
1.740018  0.248402
1.750018  0.246264
1.760018  0.244151
1.770018  0.242062
1.780018  0.239997
1.790018  0.237955
1.800018  0.235936
1.810018  0.233940
1.820018  0.231967
1.830018  0.230016
1.840018  0.228087
1.850018  0.226179
1.860018  0.224294
1.870018  0.222429
1.880018  0.220586
1.890018  0.218763
1.900018  0.216960
1.910018  0.215178
1.920018  0.213416
1.930018  0.211673
1.940018  0.209949
1.950018  0.208244
1.960018  0.206559
1.970018  0.204891
1.980018  0.203242
1.990018  0.201611
2.000018  0.199997
2.010018  0.198401
2.020018  0.196822
2.030018  0.195260
2.040018  0.193715
2.050018  0.192187
2.060018  0.190675
2.070018  0.189179
2.080018  0.187700
2.090018  0.186236
2.100018  0.184789
2.110018  0.183357
2.120018  0.181941
2.130018  0.180540
2.140018  0.179154
2.150017  0.177783
2.160017  0.176427
2.170017  0.175086
2.180017  0.173759
2.190017  0.172447
2.200017  0.171148
2.210017  0.169864
2.220017  0.168593
2.230017  0.167336
2.240017  0.166093
2.250017  0.164862
2.260017  0.163645
2.270017  0.162441
2.280017  0.161250
2.290017  0.160071
2.300017  0.158905
2.310017  0.157751
2.320017  0.156609
2.330017  0.155479
2.340017  0.154361
2.350017  0.153254
2.360017  0.152159
2.370017  0.151075
2.380017  0.150002
2.390017  0.148940
2.400017  0.147889
2.410017  0.146848
2.420017  0.145818
2.430017  0.144798
2.440017  0.143788
2.450017  0.142787
2.460017  0.141797
2.470017  0.140816
2.480017  0.139845
2.490017  0.138883
2.500017  0.137929
2.510017  0.136985
2.520017  0.136050
2.530017  0.135123
2.540017  0.134205
2.550017  0.133295
2.560017  0.132394
2.570017  0.131501
2.580017  0.130617
2.590017  0.129741
2.600017  0.128873
2.610017  0.128013
2.620017  0.127162
2.630017  0.126318
2.640017  0.125482
2.650017  0.124654
2.660017  0.123833
2.670017  0.123021
2.680017  0.122216
2.690017  0.121418
2.700017  0.120628
2.710017  0.119845
2.720017  0.119069
2.730017  0.118301
2.740017  0.117540
2.750017  0.116786
2.760017  0.116038
2.770017  0.115298
2.780017  0.114565
2.790017  0.113838
2.800017  0.113118
2.810017  0.112404
2.820017  0.111697
2.830017  0.110997
2.840017  0.110302
2.850017  0.109615
2.860017  0.108933
2.870017  0.108257
2.880017  0.107588
2.890017  0.106924
2.900017  0.106267
2.910017  0.105615
2.920017  0.104969
2.930017  0.104329
2.940017  0.103694
2.950017  0.103065
2.960017  0.102441
2.970017  0.101823
2.980017  0.101210
2.990017  0.100602
3.000017  0.099999
3.010017  0.099401
3.020017  0.098809
3.030017  0.098221
3.040017  0.097639
3.050017  0.097061
3.060017  0.096488
3.070017  0.095920
3.080017  0.095357
3.090017  0.094798
3.100017  0.094244
3.110017  0.093695
3.120017  0.093151
3.130017  0.092611
3.140017  0.092075
3.150017  0.091544
3.160017  0.091018
3.170017  0.090496
3.180017  0.089978
3.190017  0.089465
3.200016  0.088955
3.210016  0.088451
3.220016  0.087950
3.230016  0.087453
3.240016  0.086961
3.250016  0.086473
3.260016  0.085989
3.270016  0.085508
3.280016  0.085032
3.290016  0.084560
3.300016  0.084091
3.310016  0.083627
3.320016  0.083166
3.330016  0.082709
3.340016  0.082255
3.350016  0.081805
3.360016  0.081359
3.370016  0.080917
3.380016  0.080478
3.390016  0.080042
3.400016  0.079610
3.410016  0.079182
3.420016  0.078756
3.430016  0.078334
3.440016  0.077916
3.450016  0.077500
3.460016  0.077088
3.470016  0.076679
3.480016  0.076274
3.490016  0.075871
3.500016  0.075471
3.510016  0.075074
3.520016  0.074681
3.530016  0.074290
3.540016  0.073902
3.550016  0.073517
3.560016  0.073135
3.570016  0.072756
3.580016  0.072380
3.590016  0.072006
3.600016  0.071635
3.610016  0.071267
3.620016  0.070902
3.630016  0.070540
3.640016  0.070180
3.650016  0.069823
3.660016  0.069468
3.670016  0.069117
3.680016  0.068767
3.690016  0.068421
3.700016  0.068077
3.710016  0.067735
3.720016  0.067396
3.730016  0.067059
3.740016  0.066725
3.750016  0.066394
3.760016  0.066064
3.770016  0.065737
3.780016  0.065413
3.790016  0.065091
3.800016  0.064771
3.810016  0.064453
3.820016  0.064138
3.830016  0.063825
3.840016  0.063514
3.850016  0.063205
3.860016  0.062899
3.870016  0.062595
3.880016  0.062292
3.890016  0.061992
3.900016  0.061694
3.910016  0.061398
3.920016  0.061104
3.930016  0.060812
3.940016  0.060522
3.950016  0.060234
3.960016  0.059948
3.970016  0.059664
3.980016  0.059382
3.990016  0.059102
4.000016  0.058823
4.010016  0.058546
4.020016  0.058271
4.030016  0.057998
4.040017  0.057727
4.050017  0.057457
4.060017  0.057190
4.070017  0.056924
4.080018  0.056660
4.090018  0.056397
4.100018  0.056136
4.110018  0.055877
4.120018  0.055620
4.130019  0.055365
4.140019  0.055111
4.150019  0.054859
4.160019  0.054608
4.170020  0.054360
4.180020  0.054113
4.190020  0.053868
4.200020  0.053624
4.210021  0.053382
4.220021  0.053142
4.230021  0.052903
4.240021  0.052666
4.250021  0.052431
4.260022  0.052197
4.270022  0.051965
4.280022  0.051735
4.290022  0.051506
4.300023  0.051278
4.310023  0.051053
4.320023  0.050829
4.330023  0.050606
4.340024  0.050385
4.350024  0.050166
4.360024  0.049948
4.370024  0.049732
4.380024  0.049517
4.390025  0.049304
4.400025  0.049092
4.410025  0.048882
4.420025  0.048674
4.430026  0.048466
4.440026  0.048261
4.450026  0.048057
4.460026  0.047854
4.470026  0.047653
4.480027  0.047453
4.490027  0.047255
4.500027  0.047058
4.510027  0.046863
4.520028  0.046669
4.530028  0.046477
4.540028  0.046285
4.550028  0.046096
4.560029  0.045907
4.570029  0.045720
4.580029  0.045534
4.590029  0.045349
4.600029  0.045165
4.610030  0.044983
4.620030  0.044801
4.630030  0.044621
4.640030  0.044442
4.650031  0.044264
4.660031  0.044087
4.670031  0.043911
4.680031  0.043736
4.690032  0.043561
4.700032  0.043388
4.710032  0.043215
4.720032  0.043044
4.730032  0.042873
4.740033  0.042703
4.750033  0.042534
4.760033  0.042365
4.770033  0.042197
4.780034  0.042030
4.790034  0.041863
4.800034  0.041697
4.810034  0.041532
4.820035  0.041367
4.830035  0.041203
4.840035  0.041039
4.850035  0.040876
4.860035  0.040713
4.870036  0.040550
4.880036  0.040388
4.890036  0.040226
4.900036  0.040065
4.910037  0.039904
4.920037  0.039743
4.930037  0.039582
4.940037  0.039421
4.950037  0.039261
4.960038  0.039101
4.970038  0.038941
4.980038  0.038781
4.990038  0.038621


