-5.000000  -0.839072
-4.990000  -0.834525
-4.980000  -0.829979
-4.969999  -0.825433
-4.959999  -0.820887
-4.949999  -0.816341
-4.939999  -0.811795
-4.929998  -0.807249
-4.919998  -0.802703
-4.909998  -0.798157
-4.899998  -0.793611
-4.889997  -0.789065
-4.879997  -0.784519
-4.869997  -0.779973
-4.859997  -0.775428
-4.849997  -0.770882
-4.839996  -0.766337
-4.829996  -0.761791
-4.819996  -0.757246
-4.809996  -0.752701
-4.799995  -0.748155
-4.789995  -0.743610
-4.779995  -0.739065
-4.769995  -0.734521
-4.759995  -0.729976
-4.749994  -0.725431
-4.739994  -0.720887
-4.729994  -0.716343
-4.719994  -0.711798
-4.709993  -0.707255
-4.699993  -0.702711
-4.689993  -0.698167
-4.679993  -0.693623
-4.669992  -0.689080
-4.659992  -0.684537
-4.649992  -0.679994
-4.639992  -0.675451
-4.629992  -0.670908
-4.619991  -0.666366
-4.609991  -0.661824
-4.599991  -0.657282
-4.589991  -0.652740
-4.579990  -0.648198
-4.569990  -0.643657
-4.559990  -0.639116
-4.549990  -0.634575
-4.539989  -0.630034
-4.529989  -0.625494
-4.519989  -0.620954
-4.509989  -0.616414
-4.499989  -0.611874
-4.489988  -0.607335
-4.479988  -0.602795
-4.469988  -0.598257
-4.459988  -0.593718
-4.449987  -0.589180
-4.439987  -0.584642
-4.429987  -0.580104
-4.419987  -0.575567
-4.409986  -0.571029
-4.399986  -0.566493
-4.389986  -0.561956
-4.379986  -0.557420
-4.369986  -0.552884
-4.359985  -0.548349
-4.349985  -0.543814
-4.339985  -0.539279
-4.329985  -0.534744
-4.319984  -0.530210
-4.309984  -0.525676
-4.299984  -0.521143
-4.289984  -0.516610
-4.279984  -0.512077
-4.269983  -0.507545
-4.259983  -0.503013
-4.249983  -0.498482
-4.239983  -0.493951
-4.229982  -0.489420
-4.219982  -0.484890
-4.209982  -0.480360
-4.199982  -0.475831
-4.189981  -0.471302
-4.179981  -0.466773
-4.169981  -0.462245
-4.159981  -0.457717
-4.149981  -0.453190
-4.139980  -0.448663
-4.129980  -0.444137
-4.119980  -0.439611
-4.109980  -0.435085
-4.099979  -0.430560
-4.089979  -0.426036
-4.079979  -0.421512
-4.069979  -0.416988
-4.059978  -0.412465
-4.049978  -0.407943
-4.039978  -0.403421
-4.029978  -0.398899
-4.019978  -0.394378
-4.009977  -0.389858
-3.999977  -0.385338
-3.989977  -0.380819
-3.979977  -0.376300
-3.969977  -0.371782
-3.959977  -0.367264
-3.949977  -0.362747
-3.939977  -0.358230
-3.929977  -0.353714
-3.919977  -0.349199
-3.909977  -0.344684
-3.899977  -0.340169
-3.889977  -0.335656
-3.879977  -0.331143
-3.869977  -0.326630
-3.859977  -0.322118
-3.849977  -0.317607
-3.839978  -0.313096
-3.829978  -0.308586
-3.819978  -0.304076
-3.809978  -0.299567
-3.799978  -0.295059
-3.789978  -0.290551
-3.779978  -0.286044
-3.769978  -0.281538
-3.759978  -0.277032
-3.749978  -0.272527
-3.739978  -0.268023
-3.729978  -0.263519
-3.719978  -0.259016
-3.709978  -0.254514
-3.699978  -0.250012
-3.689978  -0.245511
-3.679978  -0.241011
-3.669978  -0.236511
-3.659978  -0.232012
-3.649978  -0.227514
-3.639978  -0.223017
-3.629978  -0.218520
-3.619978  -0.214024
-3.609978  -0.209529
-3.599978  -0.205034
-3.589978  -0.200540
-3.579978  -0.196047
-3.569978  -0.191555
-3.559978  -0.187063
-3.549978  -0.182572
-3.539978  -0.178082
-3.529978  -0.173593
-3.519978  -0.169105
-3.509978  -0.164617
-3.499978  -0.160130
-3.489978  -0.155644
-3.479978  -0.151159
-3.469978  -0.146674
-3.459978  -0.142190
-3.449978  -0.137708
-3.439978  -0.133225
-3.429978  -0.128744
-3.419978  -0.124264
-3.409978  -0.119784
-3.399978  -0.115305
-3.389978  -0.110828
-3.379978  -0.106351
-3.369978  -0.101874
-3.359978  -0.097399
-3.349978  -0.092925
-3.339978  -0.088451
-3.329978  -0.083978
-3.319978  -0.079506
-3.309978  -0.075036
-3.299978  -0.070566
-3.289978  -0.066096
-3.279978  -0.061628
-3.269978  -0.057161
-3.259978  -0.052694
-3.249978  -0.048229
-3.239978  -0.043764
-3.229978  -0.039301
-3.219978  -0.034838
-3.209978  -0.030376
-3.199978  -0.025916
-3.189978  -0.021456
-3.179978  -0.016997
-3.169978  -0.012539
-3.159978  -0.008082
-3.149978  -0.003626
-3.139978  0.000829
-3.129978  0.005283
-3.119978  0.009736
-3.109978  0.014188
-3.099978  0.018639
-3.089978  0.023089
-3.079978  0.027538
-3.069978  0.031986
-3.059978  0.036433
-3.049978  0.040879
-3.039978  0.045324
-3.029978  0.049768
-3.019978  0.054211
-3.009978  0.058653
-2.999978  0.063093
-2.989978  0.067533
-2.979978  0.071972
-2.969978  0.076409
-2.959978  0.080846
-2.949978  0.085281
-2.939978  0.089716
-2.929978  0.094149
-2.919978  0.098581
-2.909978  0.103012
-2.899978  0.107442
-2.889978  0.111871
-2.879978  0.116298
-2.869978  0.120725
-2.859978  0.125151
-2.849978  0.129575
-2.839978  0.133998
-2.829978  0.138420
-2.819978  0.142841
-2.809978  0.147261
-2.799978  0.151679
-2.789979  0.156097
-2.779979  0.160513
-2.769979  0.164928
-2.759979  0.169342
-2.749979  0.173755
-2.739979  0.178166
-2.729979  0.182576
-2.719979  0.186985
-2.709979  0.191393
-2.699979  0.195800
-2.689979  0.200206
-2.679979  0.204610
-2.669979  0.209013
-2.659979  0.213415
-2.649979  0.217815
-2.639979  0.222215
-2.629979  0.226613
-2.619979  0.231009
-2.609979  0.235405
-2.599979  0.239799
-2.589979  0.244192
-2.579979  0.248584
-2.569979  0.252975
-2.559979  0.257364
-2.549979  0.261752
-2.539979  0.266138
-2.529979  0.270524
-2.519979  0.274907
-2.509979  0.279290
-2.499979  0.283671
-2.489979  0.288052
-2.479979  0.292430
-2.469979  0.296807
-2.459979  0.301182
-2.449979  0.305556
-2.439979  0.309927
-2.429979  0.314297
-2.419979  0.318664
-2.409979  0.323028
-2.399979  0.327391
-2.389979  0.331750
-2.379979  0.336107
-2.369979  0.340461
-2.359979  0.344812
-2.349979  0.349160
-2.339979  0.353505
-2.329979  0.357846
-2.319979  0.362184
-2.309979  0.366518
-2.299979  0.370848
-2.289979  0.375174
-2.279979  0.379497
-2.269979  0.383815
-2.259979  0.388129
-2.249979  0.392438
-2.239979  0.396743
-2.229979  0.401043
-2.219979  0.405338
-2.209979  0.409629
-2.199979  0.413914
-2.189979  0.418194
-2.179979  0.422469
-2.169979  0.426738
-2.159979  0.431001
-2.149979  0.435259
-2.139979  0.439511
-2.129979  0.443757
-2.119979  0.447997
-2.109979  0.452231
-2.099979  0.456458
-2.089979  0.460679
-2.079979  0.464893
-2.069979  0.469101
-2.059979  0.473301
-2.049979  0.477495
-2.039979  0.481681
-2.029979  0.485860
-2.019979  0.490032
-2.009979  0.494196
-1.999979  0.498352
-1.989979  0.502501
-1.979979  0.506642
-1.969979  0.510774
-1.959979  0.514899
-1.949979  0.519015
-1.939979  0.523123
-1.929979  0.527222
-1.919979  0.531312
-1.909979  0.535394
-1.899979  0.539466
-1.889979  0.543530
-1.879979  0.547584
-1.869979  0.551629
-1.859979  0.555664
-1.849979  0.559690
-1.839979  0.563706
-1.829979  0.567712
-1.819979  0.571708
-1.809979  0.575694
-1.799979  0.579670
-1.789979  0.583635
-1.779979  0.587590
-1.769979  0.591534
-1.759979  0.595468
-1.749979  0.599390
-1.739980  0.603301
-1.729980  0.607202
-1.719980  0.611091
-1.709980  0.614968
-1.699980  0.618834
-1.689980  0.622688
-1.679980  0.626531
-1.669980  0.630361
-1.659980  0.634180
-1.649980  0.637986
-1.639980  0.641780
-1.629980  0.645561
-1.619980  0.649330
-1.609980  0.653086
-1.599980  0.656829
-1.589980  0.660559
-1.579980  0.664277
-1.569980  0.667980
-1.559980  0.671671
-1.549980  0.675348
-1.539980  0.679011
-1.529980  0.682661
-1.519980  0.686296
-1.509980  0.689918
-1.499980  0.693526
-1.489980  0.697119
-1.479980  0.700698
-1.469980  0.704262
-1.459980  0.707812
-1.449980  0.711346
-1.439980  0.714866
-1.429980  0.718371
-1.419980  0.721861
-1.409980  0.725335
-1.399980  0.728794
-1.389980  0.732237
-1.379980  0.735665
-1.369980  0.739076
-1.359980  0.742472
-1.349980  0.745852
-1.339980  0.749215
-1.329980  0.752562
-1.319980  0.755893
-1.309980  0.759207
-1.299980  0.762504
-1.289980  0.765784
-1.279980  0.769048
-1.269980  0.772294
-1.259980  0.775523
-1.249980  0.778734
-1.239980  0.781928
-1.229980  0.785105
-1.219980  0.788263
-1.209980  0.791404
-1.199980  0.794527
-1.189980  0.797631
-1.179980  0.800717
-1.169980  0.803785
-1.159980  0.806834
-1.149980  0.809865
-1.139980  0.812877
-1.129980  0.815869
-1.119980  0.818843
-1.109980  0.821797
-1.099980  0.824732
-1.089980  0.827648
-1.079980  0.830544
-1.069980  0.833420
-1.059980  0.836277
-1.049980  0.839113
-1.039980  0.841930
-1.029980  0.844726
-1.019980  0.847502
-1.009980  0.850257
-0.999980  0.852991
-0.989980  0.855705
-0.979980  0.858398
-0.969980  0.861070
-0.959980  0.863721
-0.949980  0.866350
-0.939980  0.868958
-0.929980  0.871545
-0.919980  0.874110
-0.909980  0.876653
-0.899980  0.879174
-0.889980  0.881673
-0.879980  0.884150
-0.869980  0.886604
-0.859980  0.889037
-0.849980  0.891446
-0.839980  0.893833
-0.829980  0.896197
-0.819980  0.898538
-0.809980  0.900856
-0.799980  0.903151
-0.789980  0.905422
-0.779980  0.907670
-0.769980  0.909894
-0.759980  0.912095
-0.749980  0.914271
-0.739980  0.916424
-0.729980  0.918552
-0.719980  0.920657
-0.709980  0.922737
-0.699980  0.924792
-0.689981  0.926823
-0.679981  0.928828
-0.669981  0.930809
-0.659981  0.932765
-0.649981  0.934696
-0.639981  0.936602
-0.629981  0.938482
-0.619981  0.940336
-0.609981  0.942165
-0.599981  0.943968
-0.589981  0.945745
-0.579981  0.947496
-0.569981  0.949221
-0.559981  0.950919
-0.549981  0.952591
-0.539981  0.954237
-0.529981  0.955855
-0.519981  0.957447
-0.509981  0.959012
-0.499981  0.960549
-0.489981  0.962060
-0.479981  0.963543
-0.469981  0.964998
-0.459981  0.966426
-0.449981  0.967827
-0.439981  0.969199
-0.429981  0.970543
-0.419981  0.971859
-0.409981  0.973147
-0.399981  0.974407
-0.389981  0.975637
-0.379981  0.976840
-0.369981  0.978013
-0.359981  0.979158
-0.349981  0.980273
-0.339981  0.981359
-0.329981  0.982416
-0.319981  0.983444
-0.309981  0.984442
-0.299981  0.985410
-0.289981  0.986348
-0.279981  0.987257
-0.269981  0.988135
-0.259981  0.988983
-0.249981  0.989801
-0.239981  0.990588
-0.229981  0.991345
-0.219981  0.992070
-0.209981  0.992765
-0.199981  0.993429
-0.189981  0.994062
-0.179981  0.994664
-0.169981  0.995234
-0.159981  0.995773
-0.149981  0.996280
-0.139981  0.996755
-0.129981  0.997199
-0.119981  0.997610
-0.109981  0.997989
-0.099981  0.998336
-0.089981  0.998651
-0.079981  0.998932
-0.069981  0.999182
-0.059981  0.999398
-0.049981  0.999582
-0.039981  0.999732
-0.029981  0.999849
-0.019981  0.999933
-0.009981  0.999983
0.000019  1.000000
0.010019  0.999983
0.020019  0.999933
0.030019  0.999849
0.040019  0.999731
0.050019  0.999581
0.060019  0.999397
0.070019  0.999181
0.080019  0.998931
0.090019  0.998649
0.100019  0.998335
0.110019  0.997988
0.120019  0.997609
0.130019  0.997197
0.140019  0.996754
0.150019  0.996278
0.160019  0.995771
0.170019  0.995232
0.180019  0.994662
0.190019  0.994060
0.200019  0.993427
0.210019  0.992763
0.220019  0.992068
0.230019  0.991342
0.240019  0.990585
0.250019  0.989798
0.260019  0.988980
0.270019  0.988132
0.280019  0.987253
0.290019  0.986345
0.300019  0.985406
0.310019  0.984438
0.320019  0.983440
0.330019  0.982412
0.340019  0.981355
0.350019  0.980269
0.360019  0.979153
0.370019  0.978009
0.380019  0.976835
0.390019  0.975633
0.400019  0.974402
0.410019  0.973142
0.420019  0.971854
0.430019  0.970538
0.440019  0.969194
0.450019  0.967821
0.460019  0.966421
0.470019  0.964993
0.480019  0.963537
0.490019  0.962054
0.500019  0.960544
0.510019  0.959006
0.520019  0.957441
0.530019  0.955849
0.540019  0.954230
0.550019  0.952585
0.560019  0.950913
0.570019  0.949214
0.580019  0.947489
0.590019  0.945738
0.600019  0.943961
0.610019  0.942158
0.620019  0.940329
0.630019  0.938475
0.640019  0.936594
0.650019  0.934689
0.660019  0.932758
0.670019  0.930802
0.680019  0.928821
0.690019  0.926815
0.700019  0.924784
0.710019  0.922729
0.720019  0.920649
0.730019  0.918544
0.740019  0.916416
0.750019  0.914263
0.760019  0.912086
0.770019  0.909886
0.780019  0.907661
0.790019  0.905413
0.800019  0.903142
0.810019  0.900847
0.820019  0.898529
0.830019  0.896188
0.840019  0.893824
0.850019  0.891437
0.860019  0.889027
0.870019  0.886595
0.880019  0.884140
0.890019  0.881664
0.900019  0.879164
0.910019  0.876643
0.920019  0.874100
0.930019  0.871535
0.940019  0.868948
0.950019  0.866340
0.960019  0.863711
0.970019  0.861060
0.980018  0.858388
0.990018  0.855695
1.000018  0.852981
1.010018  0.850246
1.020018  0.847491
1.030018  0.844715
1.040018  0.841919
1.050018  0.839103
1.060018  0.836266
1.070018  0.833409
1.080018  0.830533
1.090018  0.827637
1.100018  0.824721
1.110018  0.821786
1.120018  0.818832
1.130018  0.815858
1.140018  0.812865
1.150018  0.809853
1.160018  0.806823
1.170018  0.803773
1.180018  0.800706
1.190018  0.797619
1.200018  0.794515
1.210018  0.791392
1.220018  0.788251
1.230018  0.785093
1.240018  0.781916
1.250018  0.778722
1.260018  0.775511
1.270018  0.772282
1.280018  0.769035
1.290018  0.765772
1.300018  0.762491
1.310018  0.759194
1.320018  0.755880
1.330018  0.752550
1.340018  0.749202
1.350018  0.745839
1.360018  0.742459
1.370018  0.739063
1.380018  0.735652
1.390018  0.732224
1.400018  0.728781
1.410018  0.725322
1.420018  0.721847
1.430018  0.718358
1.440018  0.714853
1.450018  0.711333
1.460018  0.707798
1.470018  0.704248
1.480018  0.700684
1.490018  0.697105
1.500018  0.693512
1.510018  0.689904
1.520018  0.686283
1.530018  0.682647
1.540018  0.678997
1.550018  0.675334
1.560018  0.671657
1.570018  0.667966
1.580018  0.664262
1.590018  0.660545
1.600018  0.656815
1.610018  0.653072
1.620018  0.649316
1.630018  0.645547
1.640018  0.641765
1.650018  0.637971
1.660018  0.634165
1.670018  0.630347
1.680018  0.626516
1.690018  0.622674
1.700018  0.618819
1.710018  0.614953
1.720018  0.611076
1.730018  0.607187
1.740018  0.603287
1.750018  0.599375
1.760018  0.595452
1.770018  0.591519
1.780018  0.587575
1.790018  0.583620
1.800018  0.579655
1.810018  0.575679
1.820018  0.571693
1.830018  0.567697
1.840018  0.563690
1.850018  0.559674
1.860018  0.555649
1.870018  0.551613
1.880018  0.547568
1.890018  0.543514
1.900018  0.539451
1.910018  0.535378
1.920018  0.531296
1.930018  0.527206
1.940018  0.523107
1.950018  0.518999
1.960018  0.514883
1.970018  0.510759
1.980018  0.506626
1.990018  0.502485
2.000018  0.498336
2.010018  0.494180
2.020018  0.490016
2.030018  0.485844
2.040018  0.481665
2.050018  0.477479
2.060018  0.473285
2.070018  0.469085
2.080018  0.464877
2.090018  0.460663
2.100018  0.456442
2.110018  0.452215
2.120018  0.447981
2.130018  0.443741
2.140018  0.439495
2.150017  0.435243
2.160017  0.430985
2.170017  0.426721
2.180017  0.422452
2.190017  0.418177
2.200017  0.413897
2.210017  0.409612
2.220017  0.405322
2.230017  0.401026
2.240017  0.396726
2.250017  0.392421
2.260017  0.388112
2.270017  0.383798
2.280017  0.379480
2.290017  0.375158
2.300017  0.370831
2.310017  0.366501
2.320017  0.362167
2.330017  0.357829
2.340017  0.353488
2.350017  0.349144
2.360017  0.344796
2.370017  0.340445
2.380017  0.336091
2.390017  0.331734
2.400017  0.327374
2.410017  0.323012
2.420017  0.318647
2.430017  0.314280
2.440017  0.309910
2.450017  0.305539
2.460017  0.301166
2.470017  0.296790
2.480017  0.292413
2.490017  0.288035
2.500017  0.283655
2.510017  0.279273
2.520017  0.274891
2.530017  0.270507
2.540017  0.266121
2.550017  0.261735
2.560017  0.257347
2.570017  0.252958
2.580017  0.248567
2.590017  0.244175
2.600017  0.239782
2.610017  0.235388
2.620017  0.230993
2.630017  0.226596
2.640017  0.222198
2.650017  0.217798
2.660017  0.213398
2.670017  0.208996
2.680017  0.204593
2.690017  0.200189
2.700017  0.195783
2.710017  0.191376
2.720017  0.186969
2.730017  0.182559
2.740017  0.178149
2.750017  0.173738
2.760017  0.169325
2.770017  0.164911
2.780017  0.160496
2.790017  0.156080
2.800017  0.151662
2.810017  0.147244
2.820017  0.142824
2.830017  0.138403
2.840017  0.133981
2.850017  0.129558
2.860017  0.125133
2.870017  0.120708
2.880017  0.116281
2.890017  0.111854
2.900017  0.107425
2.910017  0.102995
2.920017  0.098564
2.930017  0.094132
2.940017  0.089699
2.950017  0.085264
2.960017  0.080829
2.970017  0.076392
2.980017  0.071955
2.990017  0.067516
3.000017  0.063076
3.010017  0.058636
3.020017  0.054194
3.030017  0.049751
3.040017  0.045307
3.050017  0.040862
3.060017  0.036416
3.070017  0.031969
3.080017  0.027521
3.090017  0.023072
3.100017  0.018622
3.110017  0.014171
3.120017  0.009719
3.130017  0.005266
3.140017  0.000812
3.150017  -0.003643
3.160017  -0.008099
3.170017  -0.012556
3.180017  -0.017014
3.190017  -0.021473
3.200016  -0.025933
3.210016  -0.030393
3.220016  -0.034855
3.230016  -0.039318
3.240016  -0.043782
3.250016  -0.048246
3.260016  -0.052712
3.270016  -0.057178
3.280016  -0.061645
3.290016  -0.066114
3.300016  -0.070583
3.310016  -0.075053
3.320016  -0.079524
3.330016  -0.083996
3.340016  -0.088468
3.350016  -0.092942
3.360016  -0.097416
3.370016  -0.101892
3.380016  -0.106368
3.390016  -0.110845
3.400016  -0.115323
3.410016  -0.119801
3.420016  -0.124281
3.430016  -0.128761
3.440016  -0.133243
3.450016  -0.137725
3.460016  -0.142208
3.470016  -0.146691
3.480016  -0.151176
3.490016  -0.155661
3.500016  -0.160147
3.510016  -0.164634
3.520016  -0.169122
3.530016  -0.173610
3.540016  -0.178100
3.550016  -0.182590
3.560016  -0.187081
3.570016  -0.191572
3.580016  -0.196065
3.590016  -0.200558
3.600016  -0.205051
3.610016  -0.209546
3.620016  -0.214041
3.630016  -0.218537
3.640016  -0.223034
3.650016  -0.227532
3.660016  -0.232030
3.670016  -0.236529
3.680016  -0.241028
3.690016  -0.245529
3.700016  -0.250030
3.710016  -0.254531
3.720016  -0.259034
3.730016  -0.263537
3.740016  -0.268040
3.750016  -0.272545
3.760016  -0.277050
3.770016  -0.281555
3.780016  -0.286062
3.790016  -0.290569
3.800016  -0.295076
3.810016  -0.299585
3.820016  -0.304094
3.830016  -0.308603
3.840016  -0.313113
3.850016  -0.317624
3.860016  -0.322135
3.870016  -0.326647
3.880016  -0.331160
3.890016  -0.335673
3.900016  -0.340187
3.910016  -0.344701
3.920016  -0.349216
3.930016  -0.353731
3.940016  -0.358248
3.950016  -0.362764
3.960016  -0.367281
3.970016  -0.371799
3.980016  -0.376317
3.990016  -0.380836
4.000016  -0.385355
4.010016  -0.389875
4.020016  -0.394396
4.030016  -0.398917
4.040017  -0.403438
4.050017  -0.407960
4.060017  -0.412483
4.070017  -0.417006
4.080018  -0.421529
4.090018  -0.426053
4.100018  -0.430578
4.110018  -0.435103
4.120018  -0.439628
4.130019  -0.444154
4.140019  -0.448681
4.150019  -0.453207
4.160019  -0.457735
4.170020  -0.462262
4.180020  -0.466791
4.190020  -0.471319
4.200020  -0.475848
4.210021  -0.480378
4.220021  -0.484907
4.230021  -0.489438
4.240021  -0.493968
4.250021  -0.498499
4.260022  -0.503031
4.270022  -0.507563
4.280022  -0.512095
4.290022  -0.516628
4.300023  -0.521161
4.310023  -0.525694
4.320023  -0.530228
4.330023  -0.534762
4.340024  -0.539296
4.350024  -0.543831
4.360024  -0.548366
4.370024  -0.552902
4.380024  -0.557438
4.390025  -0.561974
4.400025  -0.566510
4.410025  -0.571047
4.420025  -0.575584
4.430026  -0.580122
4.440026  -0.584659
4.450026  -0.589197
4.460026  -0.593736
4.470026  -0.598274
4.480027  -0.602813
4.490027  -0.607352
4.500027  -0.611892
4.510027  -0.616431
4.520028  -0.620971
4.530028  -0.625511
4.540028  -0.630052
4.550028  -0.634592
4.560029  -0.639133
4.570029  -0.643674
4.580029  -0.648216
4.590029  -0.652757
4.600029  -0.657299
4.610030  -0.661841
4.620030  -0.666384
4.630030  -0.670926
4.640030  -0.675469
4.650031  -0.680011
4.660031  -0.684554
4.670031  -0.689098
4.680031  -0.693641
4.690032  -0.698185
4.700032  -0.702728
4.710032  -0.707272
4.720032  -0.711816
4.730032  -0.716360
4.740033  -0.720905
4.750033  -0.725449
4.760033  -0.729994
4.770033  -0.734538
4.780034  -0.739083
4.790034  -0.743628
4.800034  -0.748173
4.810034  -0.752718
4.820035  -0.757263
4.830035  -0.761809
4.840035  -0.766354
4.850035  -0.770900
4.860035  -0.775445
4.870036  -0.779991
4.880036  -0.784537
4.890036  -0.789083
4.900036  -0.793628
4.910037  -0.798174
4.920037  -0.802720
4.930037  -0.807266
4.940037  -0.811812
4.950037  -0.816358
4.960038  -0.820904
4.970038  -0.825451
4.980038  -0.829997
4.990038  -0.834543


-5.000000  -0.839072
-4.990000  -0.822982
-4.980000  -0.806895
-4.969999  -0.790811
-4.959999  -0.774732
-4.949999  -0.758659
-4.939999  -0.742595
-4.929998  -0.726541
-4.919998  -0.710498
-4.909998  -0.694469
-4.899998  -0.678454
-4.889997  -0.662457
-4.879997  -0.646477
-4.869997  -0.630518
-4.859997  -0.614579
-4.849997  -0.598665
-4.839996  -0.582775
-4.829996  -0.566912
-4.819996  -0.551077
-4.809996  -0.535271
-4.799995  -0.519498
-4.789995  -0.503757
-4.779995  -0.488052
-4.769995  -0.472383
-4.759995  -0.456752
-4.749994  -0.441161
-4.739994  -0.425611
-4.729994  -0.410105
-4.719994  -0.394643
-4.709993  -0.379228
-4.699993  -0.363861
-4.689993  -0.348544
-4.679993  -0.333279
-4.669992  -0.318066
-4.659992  -0.302908
-4.649992  -0.287807
-4.639992  -0.272764
-4.629992  -0.257781
-4.619991  -0.242859
-4.609991  -0.228000
-4.599991  -0.213206
-4.589991  -0.198478
-4.579990  -0.183818
-4.569990  -0.169228
-4.559990  -0.154710
-4.549990  -0.140265
-4.539989  -0.125894
-4.529989  -0.111599
-4.519989  -0.097383
-4.509989  -0.083246
-4.499989  -0.069191
-4.489988  -0.055219
-4.479988  -0.041331
-4.469988  -0.027530
-4.459988  -0.013817
-4.449987  -0.000193
-4.439987  0.013339
-4.429987  0.026779
-4.419987  0.040123
-4.409986  0.053372
-4.399986  0.066522
-4.389986  0.079573
-4.379986  0.092523
-4.369986  0.105369
-4.359985  0.118111
-4.349985  0.130747
-4.339985  0.143275
-4.329985  0.155693
-4.319984  0.168000
-4.309984  0.180195
-4.299984  0.192274
-4.289984  0.204238
-4.279984  0.216083
-4.269983  0.227809
-4.259983  0.239414
-4.249983  0.250896
-4.239983  0.262253
-4.229982  0.273484
-4.219982  0.284588
-4.209982  0.295562
-4.199982  0.306404
-4.189981  0.317114
-4.179981  0.327690
-4.169981  0.338129
-4.159981  0.348430
-4.149981  0.358593
-4.139980  0.368613
-4.129980  0.378492
-4.119980  0.388225
-4.109980  0.397813
-4.099979  0.407253
-4.089979  0.416543
-4.079979  0.425682
-4.069979  0.434669
-4.059978  0.443501
-4.049978  0.452177
-4.039978  0.460696
-4.029978  0.469054
-4.019978  0.477252
-4.009977  0.485288
-3.999977  0.493158
-3.989977  0.500863
-3.979977  0.508400
-3.969977  0.515768
-3.959977  0.522964
-3.949977  0.529989
-3.939977  0.536838
-3.929977  0.543512
-3.919977  0.550008
-3.909977  0.556325
-3.899977  0.562461
-3.889977  0.568414
-3.879977  0.574183
-3.869977  0.579766
-3.859977  0.585161
-3.849977  0.590367
-3.839978  0.595382
-3.829978  0.600205
-3.819978  0.604833
-3.809978  0.609266
-3.799978  0.613501
-3.789978  0.617537
-3.779978  0.621372
-3.769978  0.625004
-3.759978  0.628432
-3.749978  0.631654
-3.739978  0.634669
-3.729978  0.637475
-3.719978  0.640069
-3.709978  0.642451
-3.699978  0.644619
-3.689978  0.646572
-3.679978  0.648307
-3.669978  0.649822
-3.659978  0.651117
-3.649978  0.652189
-3.639978  0.653037
-3.629978  0.653660
-3.619978  0.654055
-3.609978  0.654221
-3.599978  0.654156
-3.589978  0.653859
-3.579978  0.653327
-3.569978  0.652560
-3.559978  0.651557
-3.549978  0.650320
-3.539978  0.648852
-3.529978  0.647157
-3.519978  0.645237
-3.509978  0.643096
-3.499978  0.640736
-3.489978  0.638160
-3.479978  0.635373
-3.469978  0.632375
-3.459978  0.629172
-3.449978  0.625765
-3.439978  0.622158
-3.429978  0.618353
-3.419978  0.614354
-3.409978  0.610165
-3.399978  0.605787
-3.389978  0.601223
-3.379978  0.596478
-3.369978  0.591554
-3.359978  0.586454
-3.349978  0.581181
-3.339978  0.575737
-3.329978  0.570127
-3.319978  0.564353
-3.309978  0.558419
-3.299978  0.552326
-3.289978  0.546079
-3.279978  0.539680
-3.269978  0.533132
-3.259978  0.526439
-3.249978  0.519603
-3.239978  0.512627
-3.229978  0.505515
-3.219978  0.498270
-3.209978  0.490893
-3.199978  0.483390
-3.189978  0.475762
-3.179978  0.468013
-3.169978  0.460145
-3.159978  0.452162
-3.149978  0.444067
-3.139978  0.435863
-3.129978  0.427552
-3.119978  0.419138
-3.109978  0.410625
-3.099978  0.402014
-3.089978  0.393309
-3.079978  0.384513
-3.069978  0.375629
-3.059978  0.366660
-3.049978  0.357609
-3.039978  0.348480
-3.029978  0.339274
-3.019978  0.329996
-3.009978  0.320648
-2.999978  0.311233
-2.989978  0.301755
-2.979978  0.292216
-2.969978  0.282619
-2.959978  0.272968
-2.949978  0.263265
-2.939978  0.253514
-2.929978  0.243717
-2.919978  0.233877
-2.909978  0.223999
-2.899978  0.214084
-2.889978  0.204135
-2.879978  0.194157
-2.869978  0.184151
-2.859978  0.174121
-2.849978  0.164070
-2.839978  0.154000
-2.829978  0.143916
-2.819978  0.133819
-2.809978  0.123713
-2.799978  0.113602
-2.789979  0.103487
-2.779979  0.093372
-2.769979  0.083261
-2.759979  0.073156
-2.749979  0.063059
-2.739979  0.052975
-2.729979  0.042907
-2.719979  0.032856
-2.709979  0.022827
-2.699979  0.012822
-2.689979  0.002845
-2.679979  -0.007102
-2.669979  -0.017016
-2.659979  -0.026893
-2.649979  -0.036731
-2.639979  -0.046526
-2.629979  -0.056275
-2.619979  -0.065976
-2.609979  -0.075625
-2.599979  -0.085219
-2.589979  -0.094756
-2.579979  -0.104231
-2.569979  -0.113644
-2.559979  -0.122989
-2.549979  -0.132264
-2.539979  -0.141466
-2.529979  -0.150593
-2.519979  -0.159640
-2.509979  -0.168606
-2.499979  -0.177486
-2.489979  -0.186278
-2.479979  -0.194980
-2.469979  -0.203586
-2.459979  -0.212096
-2.449979  -0.220506
-2.439979  -0.228812
-2.429979  -0.237012
-2.419979  -0.245103
-2.409979  -0.253081
-2.399979  -0.260943
-2.389979  -0.268688
-2.379979  -0.276310
-2.369979  -0.283809
-2.359979  -0.291180
-2.349979  -0.298420
-2.339979  -0.305526
-2.329979  -0.312496
-2.319979  -0.319326
-2.309979  -0.326014
-2.299979  -0.332555
-2.289979  -0.338948
-2.279979  -0.345189
-2.269979  -0.351275
-2.259979  -0.357203
-2.249979  -0.362970
-2.239979  -0.368574
-2.229979  -0.374010
-2.219979  -0.379276
-2.209979  -0.384369
-2.199979  -0.389286
-2.189979  -0.394024
-2.179979  -0.398579
-2.169979  -0.402949
-2.159979  -0.407131
-2.149979  -0.411122
-2.139979  -0.414919
-2.129979  -0.418519
-2.119979  -0.421926
-2.109979  -0.425140
-2.099979  -0.428164
-2.089979  -0.431000
-2.079979  -0.433649
-2.069979  -0.436113
-2.059979  -0.438395
-2.049979  -0.440496
-2.039979  -0.442417
-2.029979  -0.444162
-2.019979  -0.445731
-2.009979  -0.447126
-1.999979  -0.448350
-1.989979  -0.449405
-1.979979  -0.450292
-1.969979  -0.451012
-1.959979  -0.451569
-1.949979  -0.451964
-1.939979  -0.452198
-1.929979  -0.452274
-1.919979  -0.452194
-1.909979  -0.451959
-1.899979  -0.451571
-1.889979  -0.451032
-1.879979  -0.450344
-1.869979  -0.449510
-1.859979  -0.448529
-1.849979  -0.447406
-1.839979  -0.446141
-1.829979  -0.444737
-1.819979  -0.443195
-1.809979  -0.441517
-1.799979  -0.439705
-1.789979  -0.437761
-1.779979  -0.435687
-1.769979  -0.433484
-1.759979  -0.431155
-1.749979  -0.428702
-1.739980  -0.426125
-1.729980  -0.423429
-1.719980  -0.420613
-1.709980  -0.417680
-1.699980  -0.414632
-1.689980  -0.411470
-1.679980  -0.408198
-1.669980  -0.404815
-1.659980  -0.401326
-1.649980  -0.397730
-1.639980  -0.394030
-1.629980  -0.390229
-1.619980  -0.386327
-1.609980  -0.382327
-1.599980  -0.378231
-1.589980  -0.374040
-1.579980  -0.369757
-1.569980  -0.365383
-1.559980  -0.360920
-1.549980  -0.356370
-1.539980  -0.351735
-1.529980  -0.347017
-1.519980  -0.342218
-1.509980  -0.337339
-1.499980  -0.332382
-1.489980  -0.327350
-1.479980  -0.322244
-1.469980  -0.317066
-1.459980  -0.311818
-1.449980  -0.306502
-1.439980  -0.301119
-1.429980  -0.295673
-1.419980  -0.290163
-1.409980  -0.284593
-1.399980  -0.278964
-1.389980  -0.273279
-1.379980  -0.267538
-1.369980  -0.261744
-1.359980  -0.255899
-1.349980  -0.250004
-1.339980  -0.244062
-1.329980  -0.238075
-1.319980  -0.232043
-1.309980  -0.225970
-1.299980  -0.219857
-1.289980  -0.213706
-1.279980  -0.207518
-1.269980  -0.201296
-1.259980  -0.195042
-1.249980  -0.188757
-1.239980  -0.182443
-1.229980  -0.176103
-1.219980  -0.169737
-1.209980  -0.163349
-1.199980  -0.156939
-1.189980  -0.150510
-1.179980  -0.144064
-1.169980  -0.137602
-1.159980  -0.131126
-1.149980  -0.124639
-1.139980  -0.118142
-1.129980  -0.111636
-1.119980  -0.105125
-1.109980  -0.098609
-1.099980  -0.092091
-1.089980  -0.085572
-1.079980  -0.079055
-1.069980  -0.072541
-1.059980  -0.066032
-1.049980  -0.059530
-1.039980  -0.053037
-1.029980  -0.046554
-1.019980  -0.040084
-1.009980  -0.033629
-0.999980  -0.027191
-0.989980  -0.020770
-0.979980  -0.014370
-0.969980  -0.007991
-0.959980  -0.001637
-0.949980  0.004691
-0.939980  0.010992
-0.929980  0.017264
-0.919980  0.023504
-0.909980  0.029710
-0.899980  0.035882
-0.889980  0.042016
-0.879980  0.048111
-0.869980  0.054166
-0.859980  0.060178
-0.849980  0.066145
-0.839980  0.072066
-0.829980  0.077938
-0.819980  0.083760
-0.809980  0.089530
-0.799980  0.095247
-0.789980  0.100907
-0.779980  0.106509
-0.769980  0.112052
-0.759980  0.117534
-0.749980  0.122952
-0.739980  0.128304
-0.729980  0.133590
-0.719980  0.138806
-0.709980  0.143952
-0.699980  0.149026
-0.689981  0.154028
-0.679981  0.158958
-0.669981  0.163816
-0.659981  0.168601
-0.649981  0.173315
-0.639981  0.177957
-0.629981  0.182527
-0.619981  0.187025
-0.609981  0.191451
-0.599981  0.195805
-0.589981  0.200088
-0.579981  0.204298
-0.569981  0.208436
-0.559981  0.212502
-0.549981  0.216496
-0.539981  0.220419
-0.529981  0.224269
-0.519981  0.228047
-0.509981  0.231753
-0.499981  0.235388
-0.489981  0.238950
-0.479981  0.242441
-0.469981  0.245859
-0.459981  0.249206
-0.449981  0.252480
-0.439981  0.255683
-0.429981  0.258813
-0.419981  0.261872
-0.409981  0.264859
-0.399981  0.267773
-0.389981  0.270616
-0.379981  0.273387
-0.369981  0.276085
-0.359981  0.278712
-0.349981  0.281267
-0.339981  0.283750
-0.329981  0.286161
-0.319981  0.288500
-0.309981  0.290767
-0.299981  0.292962
-0.289981  0.295085
-0.279981  0.297136
-0.269981  0.299115
-0.259981  0.301022
-0.249981  0.302857
-0.239981  0.304620
-0.229981  0.306311
-0.219981  0.307930
-0.209981  0.309478
-0.199981  0.310953
-0.189981  0.312356
-0.179981  0.313687
-0.169981  0.314947
-0.159981  0.316134
-0.149981  0.317250
-0.139981  0.318293
-0.129981  0.319264
-0.119981  0.320164
-0.109981  0.320991
-0.099981  0.321747
-0.089981  0.322431
-0.079981  0.323042
-0.069981  0.323582
-0.059981  0.324049
-0.049981  0.324445
-0.039981  0.324769
-0.029981  0.325021
-0.019981  0.325200
-0.009981  0.325308
0.000019  0.325344
0.010019  0.325308
0.020019  0.325200
0.030019  0.325020
0.040019  0.324768
0.050019  0.324444
0.060019  0.324048
0.070019  0.323580
0.080019  0.323040
0.090019  0.322428
0.100019  0.321744
0.110019  0.320988
0.120019  0.320161
0.130019  0.319261
0.140019  0.318289
0.150019  0.317245
0.160019  0.316130
0.170019  0.314942
0.180019  0.313682
0.190019  0.312351
0.200019  0.310947
0.210019  0.309472
0.220019  0.307924
0.230019  0.306305
0.240019  0.304613
0.250019  0.302850
0.260019  0.301014
0.270019  0.299107
0.280019  0.297128
0.290019  0.295076
0.300019  0.292953
0.310019  0.290758
0.320019  0.288491
0.330019  0.286152
0.340019  0.283740
0.350019  0.281257
0.360019  0.278702
0.370019  0.276075
0.380019  0.273376
0.390019  0.270605
0.400019  0.267762
0.410019  0.264847
0.420019  0.261860
0.430019  0.258801
0.440019  0.255671
0.450019  0.252468
0.460019  0.249193
0.470019  0.245846
0.480019  0.242427
0.490019  0.238937
0.500019  0.235374
0.510019  0.231739
0.520019  0.228033
0.530019  0.224254
0.540019  0.220404
0.550019  0.216481
0.560019  0.212487
0.570019  0.208420
0.580019  0.204282
0.590019  0.200071
0.600019  0.195789
0.610019  0.191435
0.620019  0.187008
0.630019  0.182510
0.640019  0.177940
0.650019  0.173297
0.660019  0.168583
0.670019  0.163797
0.680019  0.158939
0.690019  0.154009
0.700019  0.149007
0.710019  0.143933
0.720019  0.138787
0.730019  0.133570
0.740019  0.128284
0.750019  0.122931
0.760019  0.117513
0.770019  0.112031
0.780019  0.106488
0.790019  0.100885
0.800019  0.095225
0.810019  0.089509
0.820019  0.083738
0.830019  0.077916
0.840019  0.072043
0.850019  0.066122
0.860019  0.060155
0.870019  0.054143
0.880019  0.048088
0.890019  0.041993
0.900019  0.035858
0.910019  0.029687
0.920019  0.023480
0.930019  0.017240
0.940019  0.010968
0.950019  0.004667
0.960019  -0.001661
0.970019  -0.008016
0.980018  -0.014394
0.990018  -0.020795
1.000018  -0.027215
1.010018  -0.033654
1.020018  -0.040109
1.030018  -0.046579
1.040018  -0.053061
1.050018  -0.059554
1.060018  -0.066056
1.070018  -0.072565
1.080018  -0.079079
1.090018  -0.085597
1.100018  -0.092115
1.110018  -0.098634
1.120018  -0.105149
1.130018  -0.111661
1.140018  -0.118166
1.150018  -0.124663
1.160018  -0.131151
1.170018  -0.137626
1.180018  -0.144088
1.190018  -0.150535
1.200018  -0.156963
1.210018  -0.163373
1.220018  -0.169761
1.230018  -0.176127
1.240018  -0.182467
1.250018  -0.188781
1.260018  -0.195065
1.270018  -0.201320
1.280018  -0.207541
1.290018  -0.213729
1.300018  -0.219880
1.310018  -0.225993
1.320018  -0.232066
1.330018  -0.238097
1.340018  -0.244085
1.350018  -0.250027
1.360018  -0.255921
1.370018  -0.261766
1.380018  -0.267559
1.390018  -0.273300
1.400018  -0.278985
1.410018  -0.284614
1.420018  -0.290184
1.430018  -0.295693
1.440018  -0.301140
1.450018  -0.306522
1.460018  -0.311838
1.470018  -0.317086
1.480018  -0.322263
1.490018  -0.327369
1.500018  -0.332401
1.510018  -0.337357
1.520018  -0.342236
1.530018  -0.347035
1.540018  -0.351753
1.550018  -0.356387
1.560018  -0.360937
1.570018  -0.365399
1.580018  -0.369773
1.590018  -0.374056
1.600018  -0.378246
1.610018  -0.382342
1.620018  -0.386342
1.630018  -0.390243
1.640018  -0.394044
1.650018  -0.397743
1.660018  -0.401339
1.670018  -0.404828
1.680018  -0.408210
1.690018  -0.411482
1.700018  -0.414643
1.710018  -0.417691
1.720018  -0.420623
1.730018  -0.423438
1.740018  -0.426135
1.750018  -0.428711
1.760018  -0.431164
1.770018  -0.433492
1.780018  -0.435694
1.790018  -0.437768
1.800018  -0.439711
1.810018  -0.441523
1.820018  -0.443200
1.830018  -0.444742
1.840018  -0.446146
1.850018  -0.447410
1.860018  -0.448533
1.870018  -0.449512
1.880018  -0.450347
1.890018  -0.451034
1.900018  -0.451572
1.910018  -0.451959
1.920018  -0.452194
1.930018  -0.452274
1.940018  -0.452197
1.950018  -0.451962
1.960018  -0.451567
1.970018  -0.451009
1.980018  -0.450288
1.990018  -0.449400
2.000018  -0.448345
2.010018  -0.447121
2.020018  -0.445724
2.030018  -0.444154
2.040018  -0.442409
2.050018  -0.440487
2.060018  -0.438386
2.070018  -0.436104
2.080018  -0.433639
2.090018  -0.430989
2.100018  -0.428153
2.110018  -0.425128
2.120018  -0.421913
2.130018  -0.418505
2.140018  -0.414904
2.150017  -0.411107
2.160017  -0.407115
2.170017  -0.402932
2.180017  -0.398561
2.190017  -0.394005
2.200017  -0.389267
2.210017  -0.384349
2.220017  -0.379255
2.230017  -0.373989
2.240017  -0.368552
2.250017  -0.362948
2.260017  -0.357180
2.270017  -0.351251
2.280017  -0.345165
2.290017  -0.338923
2.300017  -0.332530
2.310017  -0.325988
2.320017  -0.319300
2.330017  -0.312469
2.340017  -0.305499
2.350017  -0.298392
2.360017  -0.291151
2.370017  -0.283780
2.380017  -0.276281
2.390017  -0.268658
2.400017  -0.260913
2.410017  -0.253050
2.420017  -0.245071
2.430017  -0.236980
2.440017  -0.228780
2.450017  -0.220473
2.460017  -0.212063
2.470017  -0.203553
2.480017  -0.194946
2.490017  -0.186244
2.500017  -0.177452
2.510017  -0.168571
2.520017  -0.159605
2.530017  -0.150558
2.540017  -0.141431
2.550017  -0.132228
2.560017  -0.122953
2.570017  -0.113607
2.580017  -0.104195
2.590017  -0.094719
2.600017  -0.085182
2.610017  -0.075587
2.620017  -0.065938
2.630017  -0.056237
2.640017  -0.046488
2.650017  -0.036692
2.660017  -0.026855
2.670017  -0.016978
2.680017  -0.007064
2.690017  0.002883
2.700017  0.012861
2.710017  0.022866
2.720017  0.032895
2.730017  0.042946
2.740017  0.053014
2.750017  0.063098
2.760017  0.073195
2.770017  0.083300
2.780017  0.093411
2.790017  0.103526
2.800017  0.113641
2.810017  0.123752
2.820017  0.133858
2.830017  0.143955
2.840017  0.154039
2.850017  0.164109
2.860017  0.174160
2.870017  0.184190
2.880017  0.194196
2.890017  0.204174
2.900017  0.214122
2.910017  0.224037
2.920017  0.233916
2.930017  0.243755
2.940017  0.253551
2.950017  0.263302
2.960017  0.273005
2.970017  0.282656
2.980017  0.292253
2.990017  0.301792
3.000017  0.311270
3.010017  0.320684
3.020017  0.330032
3.030017  0.339310
3.040017  0.348515
3.050017  0.357644
3.060017  0.366695
3.070017  0.375663
3.080017  0.384547
3.090017  0.393343
3.100017  0.402047
3.110017  0.410658
3.120017  0.419171
3.130017  0.427585
3.140017  0.435895
3.150017  0.444099
3.160017  0.452193
3.170017  0.460176
3.180017  0.468043
3.190017  0.475792
3.200016  0.483419
3.210016  0.490922
3.220016  0.498298
3.230016  0.505543
3.240016  0.512655
3.250016  0.519629
3.260016  0.526465
3.270016  0.533158
3.280016  0.539705
3.290016  0.546103
3.300016  0.552350
3.310016  0.558442
3.320016  0.564376
3.330016  0.570149
3.340016  0.575759
3.350016  0.581202
3.360016  0.586474
3.370016  0.591573
3.380016  0.596497
3.390016  0.601242
3.400016  0.605804
3.410016  0.610181
3.420016  0.614370
3.430016  0.618368
3.440016  0.622172
3.450016  0.625778
3.460016  0.629185
3.470016  0.632388
3.480016  0.635384
3.490016  0.638171
3.500016  0.640746
3.510016  0.643104
3.520016  0.645245
3.530016  0.647164
3.540016  0.648858
3.550016  0.650325
3.560016  0.651561
3.570016  0.652564
3.580016  0.653330
3.590016  0.653861
3.600016  0.654157
3.610016  0.654221
3.620016  0.654054
3.630016  0.653658
3.640016  0.653035
3.650016  0.652186
3.660016  0.651113
3.670016  0.649817
3.680016  0.648301
3.690016  0.646565
3.700016  0.644612
3.710016  0.642443
3.720016  0.640060
3.730016  0.637465
3.740016  0.634658
3.750016  0.631643
3.760016  0.628419
3.770016  0.624991
3.780016  0.621357
3.790016  0.617522
3.800016  0.613485
3.810016  0.609250
3.820016  0.604816
3.830016  0.600187
3.840016  0.595364
3.850016  0.590348
3.860016  0.585141
3.870016  0.579745
3.880016  0.574161
3.890016  0.568392
3.900016  0.562438
3.910016  0.556301
3.920016  0.549984
3.930016  0.543487
3.940016  0.536812
3.950016  0.529962
3.960016  0.522937
3.970016  0.515740
3.980016  0.508372
3.990016  0.500834
4.000016  0.493129
4.010016  0.485257
4.020016  0.477221
4.030016  0.469023
4.040017  0.460663
4.050017  0.452144
4.060017  0.443467
4.070017  0.434635
4.080018  0.425647
4.090018  0.416507
4.100018  0.407217
4.110018  0.397776
4.120018  0.388188
4.130019  0.378454
4.140019  0.368575
4.150019  0.358554
4.160019  0.348391
4.170020  0.338089
4.180020  0.327649
4.190020  0.317073
4.200020  0.306363
4.210021  0.295519
4.220021  0.284545
4.230021  0.273441
4.240021  0.262210
4.250021  0.250852
4.260022  0.239369
4.270022  0.227764
4.280022  0.216038
4.290022  0.204192
4.300023  0.192228
4.310023  0.180148
4.320023  0.167953
4.330023  0.155646
4.340024  0.143227
4.350024  0.130699
4.360024  0.118062
4.370024  0.105320
4.380024  0.092473
4.390025  0.079523
4.400025  0.066472
4.410025  0.053321
4.420025  0.040072
4.430026  0.026727
4.440026  0.013287
4.450026  -0.000246
4.460026  -0.013869
4.470026  -0.027583
4.480027  -0.041385
4.490027  -0.055273
4.500027  -0.069245
4.510027  -0.083301
4.520028  -0.097438
4.530028  -0.111655
4.540028  -0.125949
4.550028  -0.140320
4.560029  -0.154766
4.570029  -0.169285
4.580029  -0.183875
4.590029  -0.198535
4.600029  -0.213263
4.610030  -0.228057
4.620030  -0.242916
4.630030  -0.257838
4.640030  -0.272822
4.650031  -0.287865
4.660031  -0.302967
4.670031  -0.318125
4.680031  -0.333338
4.690032  -0.348603
4.700032  -0.363921
4.710032  -0.379288
4.720032  -0.394703
4.730032  -0.410165
4.740033  -0.425671
4.750033  -0.441221
4.760033  -0.456812
4.770033  -0.472443
4.780034  -0.488112
4.790034  -0.503818
4.800034  -0.519559
4.810034  -0.535332
4.820035  -0.551138
4.830035  -0.566973
4.840035  -0.582836
4.850035  -0.598726
4.860035  -0.614641
4.870036  -0.630579
4.880036  -0.646539
4.890036  -0.662519
4.900036  -0.678516
4.910037  -0.694531
4.920037  -0.710560
4.930037  -0.726603
4.940037  -0.742657
4.950037  -0.758721
4.960038  -0.774794
4.970038  -0.790873
4.980038  -0.806957
4.990038  -0.823045


-5.000000  -0.839072
-4.990000  -0.844622
-4.980000  -0.850164
-4.969999  -0.855685
-4.959999  -0.861177
-4.949999  -0.866629
-4.939999  -0.872032
-4.929998  -0.877376
-4.919998  -0.882650
-4.909998  -0.887846
-4.899998  -0.892953
-4.889997  -0.897961
-4.879997  -0.902861
-4.869997  -0.907642
-4.859997  -0.912295
-4.849997  -0.916810
-4.839996  -0.921177
-4.829996  -0.925386
-4.819996  -0.929427
-4.809996  -0.933290
-4.799995  -0.936967
-4.789995  -0.940445
-4.779995  -0.943717
-4.769995  -0.946771
-4.759995  -0.949599
-4.749994  -0.952189
-4.739994  -0.954533
-4.729994  -0.956621
-4.719994  -0.958441
-4.709993  -0.959986
-4.699993  -0.961245
-4.689993  -0.962207
-4.679993  -0.962864
-4.669992  -0.963204
-4.659992  -0.963219
-4.649992  -0.962899
-4.639992  -0.962233
-4.629992  -0.961212
-4.619991  -0.959826
-4.609991  -0.958065
-4.599991  -0.955919
-4.589991  -0.953378
-4.579990  -0.950433
-4.569990  -0.947074
-4.559990  -0.943290
-4.549990  -0.939071
-4.539989  -0.934409
-4.529989  -0.929293
-4.519989  -0.923713
-4.509989  -0.917660
-4.499989  -0.911122
-4.489988  -0.904095
-4.479988  -0.896584
-4.469988  -0.888597
-4.459988  -0.880144
-4.449987  -0.871235
-4.439987  -0.861878
-4.429987  -0.852082
-4.419987  -0.841856
-4.409986  -0.831211
-4.399986  -0.820154
-4.389986  -0.808695
-4.379986  -0.796843
-4.369986  -0.784607
-4.359985  -0.771996
-4.349985  -0.759020
-4.339985  -0.745688
-4.329985  -0.732008
-4.319984  -0.717990
-4.309984  -0.703642
-4.299984  -0.688975
-4.289984  -0.673997
-4.279984  -0.658718
-4.269983  -0.643145
-4.259983  -0.627290
-4.249983  -0.611160
-4.239983  -0.594765
-4.229982  -0.578113
-4.219982  -0.561215
-4.209982  -0.544079
-4.199982  -0.526714
-4.189981  -0.509130
-4.179981  -0.491336
-4.169981  -0.473340
-4.159981  -0.455151
-4.149981  -0.436780
-4.139980  -0.418235
-4.129980  -0.399525
-4.119980  -0.380660
-4.109980  -0.361648
-4.099979  -0.342498
-4.089979  -0.323221
-4.079979  -0.303824
-4.069979  -0.284317
-4.059978  -0.264709
-4.049978  -0.245009
-4.039978  -0.225227
-4.029978  -0.205371
-4.019978  -0.185451
-4.009977  -0.165476
-3.999977  -0.145455
-3.989977  -0.125396
-3.979977  -0.105308
-3.969977  -0.085197
-3.959977  -0.065070
-3.949977  -0.044935
-3.939977  -0.024799
-3.929977  -0.004669
-3.919977  0.015449
-3.909977  0.035546
-3.899977  0.055616
-3.889977  0.075651
-3.879977  0.095645
-3.869977  0.115590
-3.859977  0.135479
-3.849977  0.155305
-3.839978  0.175060
-3.829978  0.194739
-3.819978  0.214332
-3.809978  0.233835
-3.799978  0.253238
-3.789978  0.272535
-3.779978  0.291720
-3.769978  0.310784
-3.759978  0.329720
-3.749978  0.348522
-3.739978  0.367183
-3.729978  0.385694
-3.719978  0.404050
-3.709978  0.422242
-3.699978  0.440264
-3.689978  0.458108
-3.679978  0.475769
-3.669978  0.493237
-3.659978  0.510506
-3.649978  0.527569
-3.639978  0.544419
-3.629978  0.561049
-3.619978  0.577451
-3.609978  0.593619
-3.599978  0.609545
-3.589978  0.625221
-3.579978  0.640642
-3.569978  0.655800
-3.559978  0.670687
-3.549978  0.685296
-3.539978  0.699621
-3.529978  0.713654
-3.519978  0.727388
-3.509978  0.740816
-3.499978  0.753931
-3.489978  0.766726
-3.479978  0.779199
-3.469978  0.791347
-3.459978  0.803169
-3.449978  0.814663
-3.439978  0.825826
-3.429978  0.836658
-3.419978  0.847155
-3.409978  0.857315
-3.399978  0.867138
-3.389978  0.876621
-3.379978  0.885761
-3.369978  0.894558
-3.359978  0.903008
-3.349978  0.911111
-3.339978  0.918863
-3.329978  0.926264
-3.319978  0.933310
-3.309978  0.940001
-3.299978  0.946334
-3.289978  0.952307
-3.279978  0.957918
-3.269978  0.963166
-3.259978  0.968048
-3.249978  0.972562
-3.239978  0.976707
-3.229978  0.980479
-3.219978  0.983879
-3.209978  0.986903
-3.199978  0.989549
-3.189978  0.991816
-3.179978  0.993701
-3.169978  0.995203
-3.159978  0.996319
-3.149978  0.997048
-3.139978  0.997388
-3.129978  0.997336
-3.119978  0.996891
-3.109978  0.996051
-3.099978  0.994813
-3.089978  0.993177
-3.079978  0.991139
-3.069978  0.988698
-3.059978  0.985852
-3.049978  0.982599
-3.039978  0.978937
-3.029978  0.974864
-3.019978  0.970377
-3.009978  0.965476
-2.999978  0.960158
-2.989978  0.954423
-2.979978  0.948274
-2.969978  0.941719
-2.959978  0.934762
-2.949978  0.927410
-2.939978  0.919669
-2.929978  0.911545
-2.919978  0.903043
-2.909978  0.894169
-2.899978  0.884930
-2.889978  0.875332
-2.879978  0.865380
-2.869978  0.855080
-2.859978  0.844438
-2.849978  0.833460
-2.839978  0.822152
-2.829978  0.810520
-2.819978  0.798570
-2.809978  0.786308
-2.799978  0.773739
-2.789979  0.760870
-2.779979  0.747706
-2.769979  0.734254
-2.759979  0.720519
-2.749979  0.706508
-2.739979  0.692226
-2.729979  0.677679
-2.719979  0.662873
-2.709979  0.647814
-2.699979  0.632508
-2.689979  0.616960
-2.679979  0.601178
-2.669979  0.585166
-2.659979  0.568931
-2.649979  0.552478
-2.639979  0.535814
-2.629979  0.518945
-2.619979  0.501875
-2.609979  0.484612
-2.599979  0.467161
-2.589979  0.449528
-2.579979  0.431719
-2.569979  0.413740
-2.559979  0.395596
-2.549979  0.377295
-2.539979  0.358841
-2.529979  0.340241
-2.519979  0.321501
-2.509979  0.302625
-2.499979  0.283622
-2.489979  0.264496
-2.479979  0.245255
-2.469979  0.225908
-2.459979  0.206463
-2.449979  0.186927
-2.439979  0.167310
-2.429979  0.147619
-2.419979  0.127862
-2.409979  0.108047
-2.399979  0.088182
-2.389979  0.068277
-2.379979  0.048338
-2.369979  0.028374
-2.359979  0.008393
-2.349979  -0.011597
-2.339979  -0.031588
-2.329979  -0.051571
-2.319979  -0.071539
-2.309979  -0.091483
-2.299979  -0.111396
-2.289979  -0.131268
-2.279979  -0.151093
-2.269979  -0.170861
-2.259979  -0.190565
-2.249979  -0.210197
-2.239979  -0.229748
-2.229979  -0.249210
-2.219979  -0.268576
-2.209979  -0.287836
-2.199979  -0.306984
-2.189979  -0.326010
-2.179979  -0.344907
-2.169979  -0.363667
-2.159979  -0.382281
-2.149979  -0.400741
-2.139979  -0.419040
-2.129979  -0.437168
-2.119979  -0.455119
-2.109979  -0.472883
-2.099979  -0.490453
-2.089979  -0.507821
-2.079979  -0.524977
-2.069979  -0.541915
-2.059979  -0.558627
-2.049979  -0.575103
-2.039979  -0.591336
-2.029979  -0.607318
-2.019979  -0.623040
-2.009979  -0.638495
-1.999979  -0.653675
-1.989979  -0.668571
-1.979979  -0.683181
-1.969979  -0.697501
-1.959979  -0.711529
-1.949979  -0.725261
-1.939979  -0.738695
-1.929979  -0.751827
-1.919979  -0.764656
-1.909979  -0.777177
-1.899979  -0.789388
-1.889979  -0.801286
-1.879979  -0.812868
-1.869979  -0.824131
-1.859979  -0.835073
-1.849979  -0.845690
-1.839979  -0.855979
-1.829979  -0.865937
-1.819979  -0.875562
-1.809979  -0.884851
-1.799979  -0.893801
-1.789979  -0.902408
-1.779979  -0.910670
-1.769979  -0.918584
-1.759979  -0.926146
-1.749979  -0.933355
-1.739980  -0.940207
-1.729980  -0.946700
-1.719980  -0.952829
-1.709980  -0.958593
-1.699980  -0.963988
-1.689980  -0.969012
-1.679980  -0.973661
-1.669980  -0.977933
-1.659980  -0.981825
-1.649980  -0.985333
-1.639980  -0.988455
-1.629980  -0.991189
-1.619980  -0.993530
-1.609980  -0.995476
-1.599980  -0.997025
-1.589980  -0.998173
-1.579980  -0.998917
-1.569980  -0.999255
-1.559980  -0.999183
-1.549980  -0.998698
-1.539980  -0.997798
-1.529980  -0.996480
-1.519980  -0.994741
-1.509980  -0.992577
-1.499980  -0.989987
-1.489980  -0.986968
-1.479980  -0.983523
-1.469980  -0.979659
-1.459980  -0.975380
-1.449980  -0.970690
-1.439980  -0.965596
-1.429980  -0.960102
-1.419980  -0.954212
-1.409980  -0.947932
-1.399980  -0.941267
-1.389980  -0.934223
-1.379980  -0.926803
-1.369980  -0.919012
-1.359980  -0.910857
-1.349980  -0.902341
-1.339980  -0.893470
-1.329980  -0.884249
-1.319980  -0.874683
-1.309980  -0.864777
-1.299980  -0.854535
-1.289980  -0.843963
-1.279980  -0.833065
-1.269980  -0.821848
-1.259980  -0.810315
-1.249980  -0.798471
-1.239980  -0.786323
-1.229980  -0.773874
-1.219980  -0.761129
-1.209980  -0.748094
-1.199980  -0.734774
-1.189980  -0.721174
-1.179980  -0.707298
-1.169980  -0.693151
-1.159980  -0.678739
-1.149980  -0.664066
-1.139980  -0.649138
-1.129980  -0.633960
-1.119980  -0.618536
-1.109980  -0.602871
-1.099980  -0.586971
-1.089980  -0.570841
-1.079980  -0.554484
-1.069980  -0.537907
-1.059980  -0.521115
-1.049980  -0.504112
-1.039980  -0.486903
-1.029980  -0.469494
-1.019980  -0.451888
-1.009980  -0.434093
-0.999980  -0.416111
-0.989980  -0.397949
-0.979980  -0.379615
-0.969980  -0.361117
-0.959980  -0.342463
-0.949980  -0.323662
-0.939980  -0.304721
-0.929980  -0.285650
-0.919980  -0.266456
-0.909980  -0.247148
-0.899980  -0.227733
-0.889980  -0.208222
-0.879980  -0.188620
-0.869980  -0.168938
-0.859980  -0.149183
-0.849980  -0.129364
-0.839980  -0.109489
-0.829980  -0.089566
-0.819980  -0.069603
-0.809980  -0.049609
-0.799980  -0.029592
-0.789980  -0.009561
-0.779980  0.010476
-0.769980  0.030512
-0.759980  0.050537
-0.749980  0.070543
-0.739980  0.090523
-0.729980  0.110467
-0.719980  0.130367
-0.709980  0.150216
-0.699980  0.170004
-0.689981  0.189724
-0.679981  0.209367
-0.669981  0.228925
-0.659981  0.248390
-0.649981  0.267752
-0.639981  0.287005
-0.629981  0.306139
-0.619981  0.325147
-0.609981  0.344020
-0.599981  0.362749
-0.589981  0.381327
-0.579981  0.399745
-0.569981  0.417995
-0.559981  0.436068
-0.549981  0.453956
-0.539981  0.471651
-0.529981  0.489145
-0.519981  0.506429
-0.509981  0.523495
-0.499981  0.540335
-0.489981  0.556940
-0.479981  0.573307
-0.469981  0.589432
-0.459981  0.605309
-0.449981  0.620936
-0.439981  0.636309
-0.429981  0.651423
-0.419981  0.666274
-0.409981  0.680858
-0.399981  0.695172
-0.389981  0.709212
-0.379981  0.722973
-0.369981  0.736451
-0.359981  0.749643
-0.349981  0.762544
-0.339981  0.775150
-0.329981  0.787458
-0.319981  0.799464
-0.309981  0.811163
-0.299981  0.822551
-0.289981  0.833625
-0.279981  0.844380
-0.269981  0.854813
-0.259981  0.864919
-0.249981  0.874695
-0.239981  0.884137
-0.229981  0.893239
-0.219981  0.902000
-0.209981  0.910414
-0.199981  0.918477
-0.189981  0.926186
-0.179981  0.933537
-0.169981  0.940525
-0.159981  0.947147
-0.149981  0.953398
-0.139981  0.959275
-0.129981  0.964773
-0.119981  0.969889
-0.109981  0.974619
-0.099981  0.978958
-0.089981  0.982903
-0.079981  0.986449
-0.069981  0.989593
-0.059981  0.992331
-0.049981  0.994658
-0.039981  0.996571
-0.029981  0.998066
-0.019981  0.999138
-0.009981  0.999784
0.000019  1.000000
0.010019  0.999783
0.020019  0.999135
0.030019  0.998061
0.040019  0.996565
0.050019  0.994650
0.060019  0.992321
0.070019  0.989582
0.080019  0.986436
0.090019  0.982888
0.100019  0.978942
0.110019  0.974601
0.120019  0.969870
0.130019  0.964753
0.140019  0.959253
0.150019  0.953375
0.160019  0.947122
0.170019  0.940499
0.180019  0.933509
0.190019  0.926157
0.200019  0.918447
0.210019  0.910382
0.220019  0.901967
0.230019  0.893205
0.240019  0.884101
0.250019  0.874658
0.260019  0.864881
0.270019  0.854774
0.280019  0.844340
0.290019  0.833583
0.300019  0.822508
0.310019  0.811118
0.320019  0.799418
0.330019  0.787412
0.340019  0.775103
0.350019  0.762495
0.360019  0.749593
0.370019  0.736400
0.380019  0.722921
0.390019  0.709159
0.400019  0.695118
0.410019  0.680803
0.420019  0.666218
0.430019  0.651365
0.440019  0.636250
0.450019  0.620877
0.460019  0.605249
0.470019  0.589370
0.480019  0.573245
0.490019  0.556877
0.500019  0.540271
0.510019  0.523430
0.520019  0.506363
0.530019  0.489078
0.540019  0.471584
0.550019  0.453888
0.560019  0.435999
0.570019  0.417925
0.580019  0.399675
0.590019  0.381256
0.600019  0.362678
0.610019  0.343948
0.620019  0.325075
0.630019  0.306066
0.640019  0.286932
0.650019  0.267678
0.660019  0.248315
0.670019  0.228850
0.680019  0.209292
0.690019  0.189649
0.700019  0.169929
0.710019  0.150140
0.720019  0.130291
0.730019  0.110390
0.740019  0.090446
0.750019  0.070467
0.760019  0.050460
0.770019  0.030435
0.780019  0.010400
0.790019  -0.009638
0.800019  -0.029669
0.810019  -0.049686
0.820019  -0.069679
0.830019  -0.089642
0.840019  -0.109565
0.850019  -0.129440
0.860019  -0.149259
0.870019  -0.169014
0.880019  -0.188696
0.890019  -0.208297
0.900019  -0.227808
0.910019  -0.247222
0.920019  -0.266530
0.930019  -0.285723
0.940019  -0.304794
0.950019  -0.323734
0.960019  -0.342535
0.970019  -0.361188
0.980018  -0.379686
0.990018  -0.398019
1.000018  -0.416180
1.010018  -0.434161
1.020018  -0.451956
1.030018  -0.469560
1.040018  -0.486969
1.050018  -0.504177
1.060018  -0.521179
1.070018  -0.537971
1.080018  -0.554547
1.090018  -0.570903
1.100018  -0.587032
1.110018  -0.602932
1.120018  -0.618595
1.130018  -0.634018
1.140018  -0.649196
1.150018  -0.664123
1.160018  -0.678795
1.170018  -0.693205
1.180018  -0.707351
1.190018  -0.721226
1.200018  -0.734826
1.210018  -0.748145
1.220018  -0.761178
1.230018  -0.773922
1.240018  -0.786370
1.250018  -0.798517
1.260018  -0.810359
1.270018  -0.821891
1.280018  -0.833108
1.290018  -0.844004
1.300018  -0.854575
1.310018  -0.864815
1.320018  -0.874720
1.330018  -0.884285
1.340018  -0.893505
1.350018  -0.902374
1.360018  -0.910889
1.370018  -0.919043
1.380018  -0.926831
1.390018  -0.934250
1.400018  -0.941294
1.410018  -0.947957
1.420018  -0.954235
1.430018  -0.960123
1.440018  -0.965616
1.450018  -0.970709
1.460018  -0.975397
1.470018  -0.979675
1.480018  -0.983537
1.490018  -0.986980
1.500018  -0.989998
1.510018  -0.992587
1.520018  -0.994748
1.530018  -0.996486
1.540018  -0.997803
1.550018  -0.998701
1.560018  -0.999184
1.570018  -0.999254
1.580018  -0.998915
1.590018  -0.998169
1.600018  -0.997020
1.610018  -0.995470
1.620018  -0.993522
1.630018  -0.991179
1.640018  -0.988444
1.650018  -0.985321
1.660018  -0.981811
1.670018  -0.977917
1.680018  -0.973644
1.690018  -0.968993
1.700018  -0.963968
1.710018  -0.958571
1.720018  -0.952806
1.730018  -0.946675
1.740018  -0.940182
1.750018  -0.933328
1.760018  -0.926118
1.770018  -0.918554
1.780018  -0.910639
1.790018  -0.902376
1.800018  -0.893767
1.810018  -0.884816
1.820018  -0.875526
1.830018  -0.865900
1.840018  -0.855940
1.850018  -0.845650
1.860018  -0.835032
1.870018  -0.824089
1.880018  -0.812824
1.890018  -0.801241
1.900018  -0.789342
1.910018  -0.777130
1.920018  -0.764607
1.930018  -0.751778
1.940018  -0.738644
1.950018  -0.725209
1.960018  -0.711476
1.970018  -0.697447
1.980018  -0.683126
1.990018  -0.668515
2.000018  -0.653617
2.010018  -0.638437
2.020018  -0.622981
2.030018  -0.607257
2.040018  -0.591274
2.050018  -0.575040
2.060018  -0.558563
2.070018  -0.541851
2.080018  -0.524912
2.090018  -0.507754
2.100018  -0.490386
2.110018  -0.472815
2.120018  -0.455050
2.130018  -0.437099
2.140018  -0.418970
2.150017  -0.400671
2.160017  -0.382210
2.170017  -0.363595
2.180017  -0.344835
2.190017  -0.325937
2.200017  -0.306911
2.210017  -0.287763
2.220017  -0.268501
2.230017  -0.249135
2.240017  -0.229673
2.250017  -0.210121
2.260017  -0.190489
2.270017  -0.170785
2.280017  -0.151017
2.290017  -0.131192
2.300017  -0.111319
2.310017  -0.091407
2.320017  -0.071463
2.330017  -0.051495
2.340017  -0.031511
2.350017  -0.011521
2.360017  0.008469
2.370017  0.028450
2.380017  0.048414
2.390017  0.068353
2.400017  0.088259
2.410017  0.108123
2.420017  0.127937
2.430017  0.147694
2.440017  0.167385
2.450017  0.187003
2.460017  0.206538
2.470017  0.225983
2.480017  0.245329
2.490017  0.264569
2.500017  0.283695
2.510017  0.302698
2.520017  0.321573
2.530017  0.340313
2.540017  0.358912
2.550017  0.377366
2.560017  0.395666
2.570017  0.413809
2.580017  0.431787
2.590017  0.449596
2.600017  0.467228
2.610017  0.484678
2.620017  0.501941
2.630017  0.519010
2.640017  0.535879
2.650017  0.552542
2.660017  0.568994
2.670017  0.585228
2.680017  0.601239
2.690017  0.617021
2.700017  0.632567
2.710017  0.647872
2.720017  0.662930
2.730017  0.677735
2.740017  0.692281
2.750017  0.706562
2.760017  0.720573
2.770017  0.734306
2.780017  0.747757
2.790017  0.760920
2.800017  0.773788
2.810017  0.786355
2.820017  0.798616
2.830017  0.810565
2.840017  0.822196
2.850017  0.833503
2.860017  0.844479
2.870017  0.855120
2.880017  0.865418
2.890017  0.875369
2.900017  0.884967
2.910017  0.894204
2.920017  0.903076
2.930017  0.911576
2.940017  0.919699
2.950017  0.927439
2.960017  0.934789
2.970017  0.941744
2.980017  0.948299
2.990017  0.954446
3.000017  0.960180
3.010017  0.965496
3.020017  0.970395
3.030017  0.974880
3.040017  0.978952
3.050017  0.982612
3.060017  0.985864
3.070017  0.988708
3.080017  0.991148
3.090017  0.993184
3.100017  0.994819
3.110017  0.996055
3.120017  0.996893
3.130017  0.997337
3.140017  0.997387
3.150017  0.997046
3.160017  0.996315
3.170017  0.995198
3.180017  0.993694
3.190017  0.991807
3.200016  0.989539
3.210016  0.986892
3.220016  0.983866
3.230016  0.980466
3.240016  0.976691
3.250016  0.972545
3.260016  0.968030
3.270016  0.963146
3.280016  0.957897
3.290016  0.952285
3.300016  0.946310
3.310016  0.939976
3.320016  0.933284
3.330016  0.926236
3.340016  0.918834
3.350016  0.911080
3.360016  0.902976
3.370016  0.894525
3.380016  0.885727
3.390016  0.876585
3.400016  0.867101
3.410016  0.857277
3.420016  0.847115
3.430016  0.836617
3.440016  0.825784
3.450016  0.814619
3.460016  0.803124
3.470016  0.791301
3.480016  0.779152
3.490016  0.766678
3.500016  0.753881
3.510016  0.740765
3.520016  0.727336
3.530016  0.713601
3.540016  0.699567
3.550016  0.685241
3.560016  0.670630
3.570016  0.655742
3.580016  0.640584
3.590016  0.625162
3.600016  0.609484
3.610016  0.593557
3.620016  0.577389
3.630016  0.560986
3.640016  0.544355
3.650016  0.527504
3.660016  0.510440
3.670016  0.493170
3.680016  0.475701
3.690016  0.458040
3.700016  0.440195
3.710016  0.422173
3.720016  0.403980
3.730016  0.385623
3.740016  0.367111
3.750016  0.348450
3.760016  0.329648
3.770016  0.310711
3.780016  0.291646
3.790016  0.272462
3.800016  0.253164
3.810016  0.233760
3.820016  0.214257
3.830016  0.194663
3.840016  0.174985
3.850016  0.155229
3.860016  0.135402
3.870016  0.115513
3.880016  0.095568
3.890016  0.075574
3.900016  0.055539
3.910016  0.035469
3.920016  0.015371
3.930016  -0.004746
3.940016  -0.024876
3.950016  -0.045013
3.960016  -0.065148
3.970016  -0.085274
3.980016  -0.105385
3.990016  -0.125473
4.000016  -0.145532
4.010016  -0.165553
4.020016  -0.185528
4.030016  -0.205448
4.040017  -0.225304
4.050017  -0.245086
4.060017  -0.264785
4.070017  -0.284392
4.080018  -0.303899
4.090018  -0.323295
4.100018  -0.342573
4.110018  -0.361722
4.120018  -0.380733
4.130019  -0.399598
4.140019  -0.418307
4.150019  -0.436852
4.160019  -0.455222
4.170020  -0.473410
4.180020  -0.491405
4.190020  -0.509199
4.200020  -0.526782
4.210021  -0.544146
4.220021  -0.561281
4.230021  -0.578178
4.240021  -0.594828
4.250021  -0.611223
4.260022  -0.627352
4.270022  -0.643206
4.280022  -0.658777
4.290022  -0.674056
4.300023  -0.689033
4.310023  -0.703699
4.320023  -0.718045
4.330023  -0.732061
4.340024  -0.745740
4.350024  -0.759071
4.360024  -0.772046
4.370024  -0.784655
4.380024  -0.796889
4.390025  -0.808740
4.400025  -0.820197
4.410025  -0.831253
4.420025  -0.841897
4.430026  -0.852120
4.440026  -0.861915
4.450026  -0.871270
4.460026  -0.880178
4.470026  -0.888629
4.480027  -0.896614
4.490027  -0.904123
4.500027  -0.911149
4.510027  -0.917684
4.520028  -0.923736
4.530028  -0.929314
4.540028  -0.934428
4.550028  -0.939089
4.560029  -0.943305
4.570029  -0.947087
4.580029  -0.950445
4.590029  -0.953389
4.600029  -0.955928
4.610030  -0.958073
4.620030  -0.959832
4.630030  -0.961217
4.640030  -0.962236
4.650031  -0.962901
4.660031  -0.963220
4.670031  -0.963204
4.680031  -0.962862
4.690032  -0.962204
4.700032  -0.961240
4.710032  -0.959981
4.720032  -0.958435
4.730032  -0.956613
4.740033  -0.954525
4.750033  -0.952180
4.760033  -0.949588
4.770033  -0.946760
4.780034  -0.943704
4.790034  -0.940432
4.800034  -0.936953
4.810034  -0.933276
4.820035  -0.929412
4.830035  -0.925370
4.840035  -0.921160
4.850035  -0.916793
4.860035  -0.912277
4.870036  -0.907624
4.880036  -0.902842
4.890036  -0.897942
4.900036  -0.892933
4.910037  -0.887826
4.920037  -0.882630
4.930037  -0.877355
4.940037  -0.872011
4.950037  -0.866608
4.960038  -0.861156
4.970038  -0.855664
4.980038  -0.850142
4.990038  -0.844601


