0 1
0.02 1
0.04 0.999603
0.06 0.998813
0.08 0.997632
0.1 0.996065
0.12 0.994116
0.14 0.991787
0.16 0.989083
0.18 0.986008
0.2 0.982566
0.22 0.978762
0.24 0.974599
0.26 0.970083
0.28 0.965218
0.3 0.960008
0.32 0.954459
0.34 0.948574
0.36 0.942361
0.38 0.935822
0.4 0.928964
0.42 0.921792
0.44 0.914311
0.46 0.906527
0.48 0.898444
0.5 0.890069
0.52 0.881408
0.54 0.872465
0.56 0.863247
0.58 0.85376
0.6 0.84401
0.62 0.834001
0.64 0.823742
0.66 0.813236
0.68 0.802492
0.7 0.791514
0.72 0.780309
0.74 0.768884
0.76 0.757244
0.78 0.745396
0.8 0.733346
0.82 0.721101
0.84 0.708667
0.86 0.696051
0.88 0.683258
0.9 0.670296
0.92 0.65717
0.94 0.643888
0.96 0.630456
0.98 0.616881
1 0.603168
1.02 0.589325
1.04 0.575357
1.06 0.561273
1.08 0.547077
1.1 0.532777
1.12 0.518379
1.14 0.503889
1.16 0.489315
1.18 0.474662
1.2 0.459937
1.22 0.445146
1.24 0.430296
1.26 0.415394
1.28 0.400444
1.3 0.385455
1.32 0.370431
1.34 0.35538
1.36 0.340307
1.38 0.325218
1.4 0.310121
1.42 0.29502
1.44 0.279922
1.46 0.264832
1.48 0.249758
1.5 0.234704
1.52 0.219676
1.54 0.20468
1.56 0.189722
1.58 0.174808
1.6 0.159942
1.62 0.145131
1.64 0.13038
1.66 0.115694
1.68 0.101079
1.7 0.0865399
1.72 0.0720818
1.74 0.0577098
1.76 0.043429
1.78 0.0292442
1.8 0.0151605
1.82 0.00118245
1.84 -0.0126851
1.86 -0.0264375
1.88 -0.0400703
1.9 -0.053579
1.92 -0.0669593
1.94 -0.0802067
1.96 -0.0933172
1.98 -0.106287
2 -0.119111
2.02 -0.131786
2.04 -0.144309
2.06 -0.156674
2.08 -0.16888
2.1 -0.180921
2.12 -0.192795
2.14 -0.204499
2.16 -0.216028
2.18 -0.22738
2.2 -0.238552
2.22 -0.249541
2.24 -0.260343
2.26 -0.270956
2.28 -0.281378
2.3 -0.291605
2.32 -0.301635
2.34 -0.311466
2.36 -0.321095
2.38 -0.330521
2.4 -0.33974
2.42 -0.348752
2.44 -0.357553
2.46 -0.366143
2.48 -0.374519
2.5 -0.382681
2.52 -0.390625
2.54 -0.398352
2.56 -0.405859
2.58 -0.413146
2.6 -0.42021
2.62 -0.427052
2.64 -0.433671
2.66 -0.440064
2.68 -0.446232
2.7 -0.452175
2.72 -0.45789
2.74 -0.463379
2.76 -0.46864
2.78 -0.473673
2.8 -0.478478
2.82 -0.483056
2.84 -0.487405
2.86 -0.491527
2.88 -0.495421
2.9 -0.499087
2.92 -0.502526
2.94 -0.505738
2.96 -0.508724
2.98 -0.511485
3 -0.514021
3.02 -0.516332
3.04 -0.518421
3.06 -0.520287
3.08 -0.521932
3.1 -0.523356
3.12 -0.524562
3.14 -0.52555
3.16 -0.526321
3.18 -0.526878
3.2 -0.527221
3.22 -0.527352
3.24 -0.527273
3.26 -0.526985
3.28 -0.52649
3.3 -0.525791
3.32 -0.524888
3.34 -0.523784
3.36 -0.522481
3.38 -0.520981
3.4 -0.519287
3.42 -0.517399
3.44 -0.515321
3.46 -0.513056
3.48 -0.510604
3.5 -0.50797
3.52 -0.505155
3.54 -0.502161
3.56 -0.498993
3.58 -0.495651
3.6 -0.492139
3.62 -0.48846
3.64 -0.484616
3.66 -0.48061
3.68 -0.476446
3.7 -0.472125
3.72 -0.467651
3.74 -0.463028
3.76 -0.458257
3.78 -0.453342
3.8 -0.448286
3.82 -0.443093
3.84 -0.437765
3.86 -0.432305
3.88 -0.426718
3.9 -0.421005
3.92 -0.415171
3.94 -0.409218
3.96 -0.40315
3.98 -0.39697
4 -0.390682
4.02 -0.384288
4.04 -0.377793
4.06 -0.371199
4.08 -0.364511
4.1 -0.357731
4.12 -0.350863
4.14 -0.34391
4.16 -0.336875
4.18 -0.329763
4.2 -0.322577
4.22 -0.315319
4.24 -0.307994
4.26 -0.300605
4.28 -0.293155
4.3 -0.285648
4.32 -0.278088
4.34 -0.270477
4.36 -0.262819
4.38 -0.255117
4.4 -0.247376
4.42 -0.239597
4.44 -0.231785
4.46 -0.223944
4.48 -0.216075
4.5 -0.208184
4.52 -0.200272
4.54 -0.192344
4.56 -0.184402
4.58 -0.176451
4.6 -0.168492
4.62 -0.160529
4.64 -0.152566
4.66 -0.144606
4.68 -0.136652
4.7 -0.128706
4.72 -0.120773
4.74 -0.112854
4.76 -0.104953
4.78 -0.097074
4.8 -0.0892186
4.82 -0.0813901
4.84 -0.0735915
4.86 -0.0658255
4.88 -0.0580951
4.9 -0.0504029
4.92 -0.0427518
4.94 -0.0351445
4.96 -0.0275836
4.98 -0.0200717
5 -0.0126115
5.02 -0.00520551
5.04 0.00214377
5.06 0.00943388
5.08 0.0166624
5.1 0.0238269
5.12 0.0309251
5.14 0.0379547
5.16 0.0449135
5.18 0.0517991
5.2 0.0586096
5.22 0.0653428
5.24 0.0719966
5.26 0.0785691
5.28 0.0850582
5.3 0.091462
5.32 0.0977787
5.34 0.104007
5.36 0.110144
5.38 0.116188
5.4 0.122139
5.42 0.127994
5.44 0.133751
5.46 0.13941
5.48 0.144969
5.5 0.150426
5.52 0.15578
5.54 0.16103
5.56 0.166174
5.58 0.171211
5.6 0.176141
5.62 0.180961
5.64 0.185671
5.66 0.190271
5.68 0.194758
5.7 0.199132
5.72 0.203393
5.74 0.207539
5.76 0.21157
5.78 0.215485
5.8 0.219283
5.82 0.222964
5.84 0.226528
5.86 0.229973
5.88 0.2333
5.9 0.236507
5.92 0.239596
5.94 0.242565
5.96 0.245414
5.98 0.248143
6 0.250751
6.02 0.25324
6.04 0.255608
6.06 0.257857
6.08 0.259985
6.1 0.261993
6.12 0.263881
6.14 0.265649
6.16 0.267298
6.18 0.268828
6.2 0.270239
6.22 0.271531
6.24 0.272706
6.26 0.273763
6.28 0.274703
6.3 0.275526
6.32 0.276234
6.34 0.276826
6.36 0.277304
6.38 0.277668
6.4 0.277919
6.42 0.278057
6.44 0.278084
6.46 0.278001
6.48 0.277808
6.5 0.277506
6.52 0.277097
6.54 0.276581
6.56 0.275959
6.58 0.275232
6.6 0.274402
6.62 0.27347
6.64 0.272437
6.66 0.271304
6.68 0.270072
6.7 0.268743
6.72 0.267317
6.74 0.265797
6.76 0.264184
6.78 0.262478
6.8 0.260682
6.82 0.258796
6.84 0.256823
6.86 0.254764
6.88 0.25262
6.9 0.250392
6.92 0.248083
6.94 0.245694
6.96 0.243227
6.98 0.240682
7 0.238062
7.02 0.235368
7.04 0.232603
7.06 0.229767
7.08 0.226862
7.1 0.22389
7.12 0.220854
7.14 0.217753
7.16 0.214591
7.18 0.211369
7.2 0.208088
7.22 0.204751
7.24 0.201359
7.26 0.197914
7.28 0.194418
7.3 0.190873
7.32 0.187279
7.34 0.183641
7.36 0.179958
7.38 0.176233
7.4 0.172467
7.42 0.168663
7.44 0.164823
7.46 0.160947
7.48 0.157038
7.5 0.153098
7.52 0.149129
7.54 0.145131
7.56 0.141108
7.58 0.137061
7.6 0.132992
7.62 0.128902
7.64 0.124793
7.66 0.120668
7.68 0.116527
7.7 0.112373
7.72 0.108207
7.74 0.104032
7.76 0.0998482
7.78 0.0956581
7.8 0.0914633
7.82 0.0872656
7.84 0.0830665
7.86 0.0788677
7.88 0.074671
7.9 0.070478
7.92 0.0662902
7.94 0.0621094
7.96 0.0579372
7.98 0.053775
8 0.0496246
8.02 0.0454874
8.04 0.041365
8.06 0.0372589
8.08 0.0331706
8.1 0.0291015
8.12 0.0250533
8.14 0.0210272
8.16 0.0170247
8.18 0.0130472
8.2 0.00909613
8.22 0.0051728
8.24 0.00127855
8.26 -0.0025853
8.28 -0.00641746
8.3 -0.0102167
8.32 -0.0139816
8.34 -0.0177112
8.36 -0.0214041
8.38 -0.0250593
8.4 -0.0286755
8.42 -0.0322516
8.44 -0.0357865
8.46 -0.0392791
8.48 -0.0427285
8.5 -0.0461335
8.52 -0.0494932
8.54 -0.0528066
8.56 -0.0560727
8.58 -0.0592907
8.6 -0.0624596
8.62 -0.0655786
8.64 -0.0686468
8.66 -0.0716634
8.68 -0.0746276
8.7 -0.0775386
8.72 -0.0803958
8.74 -0.0831985
8.76 -0.0859458
8.78 -0.0886373
8.8 -0.0912722
8.82 -0.09385
8.84 -0.0963701
8.86 -0.0988319
8.88 -0.101235
8.9 -0.103579
8.92 -0.105863
8.94 -0.108087
8.96 -0.11025
8.98 -0.112353
9 -0.114394
9.02 -0.116374
9.04 -0.118292
9.06 -0.120147
9.08 -0.121941
9.1 -0.123671
9.12 -0.125339
9.14 -0.126944
9.16 -0.128485
9.18 -0.129964
9.2 -0.131379
9.22 -0.132731
9.24 -0.134019
9.26 -0.135244
9.28 -0.136406
9.3 -0.137504
9.32 -0.138539
9.34 -0.139511
9.36 -0.14042
9.38 -0.141265
9.4 -0.142048
9.42 -0.142769
9.44 -0.143427
9.46 -0.144023
9.48 -0.144557
9.5 -0.145029
9.52 -0.14544
9.54 -0.145791
9.56 -0.14608
9.58 -0.146309
9.6 -0.146479
9.62 -0.146589
9.64 -0.146639
9.66 -0.146632
9.68 -0.146566
9.7 -0.146442
9.72 -0.146262
9.74 -0.146024
9.76 -0.145731
9.78 -0.145382
9.8 -0.144979
9.82 -0.144521
9.84 -0.144009
9.86 -0.143444
9.88 -0.142827
9.9 -0.142158
9.92 -0.141437
9.94 -0.140667
9.96 -0.139847
9.98 -0.138977
10 -0.13806
10.02 -0.137095
10.04 -0.136083
10.06 -0.135025
10.08 -0.133922
10.1 -0.132775
10.12 -0.131584
10.14 -0.130351
10.16 -0.129075
10.18 -0.127758
10.2 -0.126401
10.22 -0.125005
10.24 -0.12357
10.26 -0.122098
10.28 -0.120588
10.3 -0.119043
10.32 -0.117463
10.34 -0.115849
10.36 -0.114202
10.38 -0.112522
10.4 -0.110811
10.42 -0.10907
10.44 -0.107299
10.46 -0.1055
10.48 -0.103673
10.5 -0.101819
10.52 -0.09994
10.54 -0.0980361
10.56 -0.0961083
10.58 -0.0941577
10.6 -0.0921852
10.62 -0.0901918
10.64 -0.0881785
10.66 -0.0861461
10.68 -0.0840956
10.7 -0.0820281
10.72 -0.0799444
10.74 -0.0778456
10.76 -0.0757325
10.78 -0.0736061
10.8 -0.0714674
10.82 -0.0693173
10.84 -0.0671567
10.86 -0.0649867
10.88 -0.0628081
10.9 -0.0606218
10.92 -0.0584289
10.94 -0.0562301
10.96 -0.0540266
10.98 -0.051819
11 -0.0496084
11.02 -0.0473957
11.04 -0.0451817
11.06 -0.0429674
11.08 -0.0407536
11.1 -0.0385412
11.12 -0.036331
11.14 -0.034124
11.16 -0.0319209
11.18 -0.0297227
11.2 -0.0275301
11.22 -0.025344
11.24 -0.0231652
11.26 -0.0209945
11.28 -0.0188327
11.3 -0.0166806
11.32 -0.0145389
11.34 -0.0124085
11.36 -0.01029
11.38 -0.00818428
11.4 -0.00609202
11.42 -0.00401394
11.44 -0.00195077
11.46 9.68068e-05
11.48 0.00212809
11.5 0.00414241
11.52 0.0061391
11.54 0.00811751
11.56 0.010077
11.58 0.0120169
11.6 0.0139367
11.62 0.0158357
11.64 0.0177133
11.66 0.0195691
11.68 0.0214023
11.7 0.0232125
11.72 0.0249991
11.74 0.0267616
11.76 0.0284994
11.78 0.0302122
11.8 0.0318994
11.82 0.0335606
11.84 0.0351953
11.86 0.036803
11.88 0.0383833
11.9 0.0399359
11.92 0.0414603
11.94 0.0429562
11.96 0.0444231
11.98 0.0458608
12 0.0472689
12.02 0.048647
12.04 0.0499949
12.06 0.0513122
12.08 0.0525988
12.1 0.0538542
12.12 0.0550783
12.14 0.0562709
12.16 0.0574316
12.18 0.0585604
12.2 0.0596569
12.22 0.0607211
12.24 0.0617527
12.26 0.0627517
12.28 0.0637178
12.3 0.0646509
12.32 0.065551
12.34 0.066418
12.36 0.0672517
12.38 0.0680521
12.4 0.0688191
12.42 0.0695528
12.44 0.070253
12.46 0.0709198
12.48 0.0715532
12.5 0.0721531
12.52 0.0727196
12.54 0.0732528
12.56 0.0737527
12.58 0.0742193
12.6 0.0746528
12.62 0.0750533
12.64 0.0754207
12.66 0.0757554
12.68 0.0760573
12.7 0.0763266
12.72 0.0765635
12.74 0.0767682
12.76 0.0769407
12.78 0.0770814
12.8 0.0771903
12.82 0.0772678
12.84 0.0773139
12.86 0.0773291
12.88 0.0773134
12.9 0.0772672
12.92 0.0771906
12.94 0.0770841
12.96 0.0769478
12.98 0.076782
13 0.0765871
13.02 0.0763634
13.04 0.0761111
13.06 0.0758306
13.08 0.0755223
13.1 0.0751864
13.12 0.0748234
13.14 0.0744336
13.16 0.0740173
13.18 0.0735749
13.2 0.0731069
13.22 0.0726136
13.24 0.0720953
13.26 0.0715526
13.28 0.0709858
13.3 0.0703953
13.32 0.0697816
13.34 0.069145
13.36 0.0684861
13.38 0.0678052
13.4 0.0671028
13.42 0.0663793
13.44 0.0656353
13.46 0.0648711
13.48 0.0640872
13.5 0.0632842
13.52 0.0624623
13.54 0.0616223
13.56 0.0607644
13.58 0.0598892
13.6 0.0589972
13.62 0.0580889
13.64 0.0571648
13.66 0.0562253
13.68 0.0552709
13.7 0.0543022
13.72 0.0533196
13.74 0.0523236
13.76 0.0513148
13.78 0.0502937
13.8 0.0492606
13.82 0.0482163
13.84 0.0471611
13.86 0.0460955
13.88 0.0450201
13.9 0.0439354
13.92 0.0428419
13.94 0.04174
13.96 0.0406303
13.98 0.0395133
14 0.0383895
14.02 0.0372594
14.04 0.0361235
14.06 0.0349822
14.08 0.0338361
14.1 0.0326857
14.12 0.0315314
14.14 0.0303738
14.16 0.0292133
14.18 0.0280505
14.2 0.0268857
14.22 0.0257195
14.24 0.0245524
14.26 0.0233848
14.28 0.0222172
14.3 0.02105
14.32 0.0198837
14.34 0.0187188
14.36 0.0175557
14.38 0.0163949
14.4 0.0152368
14.42 0.0140818
14.44 0.0129304
14.46 0.011783
14.48 0.0106401
14.5 0.00950199
14.52 0.00836915
14.54 0.00724198
14.56 0.00612088
14.58 0.00500625
14.6 0.00389847
14.62 0.00279795
14.64 0.00170504
14.66 0.000620137
14.68 -0.000456405
14.7 -0.00152422
14.72 -0.00258296
14.74 -0.00363227
14.76 -0.00467181
14.78 -0.00570124
14.8 -0.00672025
14.82 -0.0077285
14.84 -0.00872568
14.86 -0.00971148
14.88 -0.0106856
14.9 -0.0116478
14.92 -0.0125977
14.94 -0.013535
14.96 -0.0144596
14.98 -0.015371
15 -0.0162692
15.02 -0.0171537
15.04 -0.0180245
15.06 -0.0188811
15.08 -0.0197235
15.1 -0.0205514
15.12 -0.0213645
15.14 -0.0221627
15.16 -0.0229458
15.18 -0.0237135
15.2 -0.0244658
15.22 -0.0252023
15.24 -0.0259231
15.26 -0.0266278
15.28 -0.0273163
15.3 -0.0279886
15.32 -0.0286444
15.34 -0.0292837
15.36 -0.0299062
15.38 -0.0305119
15.4 -0.0311008
15.42 -0.0316726
15.44 -0.0322273
15.46 -0.0327648
15.48 -0.033285
15.5 -0.0337879
15.52 -0.0342734
15.54 -0.0347415
15.56 -0.035192
15.58 -0.035625
15.6 -0.0360405
15.62 -0.0364383
15.64 -0.0368185
15.66 -0.0371811
15.68 -0.0375261
15.7 -0.0378534
15.72 -0.0381631
15.74 -0.0384552
15.76 -0.0387298
15.78 -0.0389868
15.8 -0.0392262
15.82 -0.0394482
15.84 -0.0396528
15.86 -0.0398401
15.88 -0.04001
15.9 -0.0401627
15.92 -0.0402983
15.94 -0.0404168
15.96 -0.0405183
15.98 -0.0406029
16 -0.0406708
16.02 -0.0407219
16.04 -0.0407565
16.06 -0.0407747
16.08 -0.0407765
16.1 -0.0407621
16.12 -0.0407317
16.14 -0.0406854
16.16 -0.0406232
16.18 -0.0405455
16.2 -0.0404523
16.22 -0.0403437
16.24 -0.04022
16.26 -0.0400814
16.28 -0.0399279
16.3 -0.0397598
16.32 -0.0395773
16.34 -0.0393805
16.36 -0.0391696
16.38 -0.0389449
16.4 -0.0387065
16.42 -0.0384546
16.44 -0.0381895
16.46 -0.0379113
16.48 -0.0376203
16.5 -0.0373167
16.52 -0.0370006
16.54 -0.0366724
16.56 -0.0363323
16.58 -0.0359804
16.6 -0.035617
16.62 -0.0352424
16.64 -0.0348568
16.66 -0.0344604
16.68 -0.0340535
16.7 -0.0336363
16.72 -0.033209
16.74 -0.032772
16.76 -0.0323254
16.78 -0.0318696
16.8 -0.0314047
16.82 -0.0309311
16.84 -0.0304489
16.86 -0.0299585
16.88 -0.0294601
16.9 -0.0289539
16.92 -0.0284403
16.94 -0.0279194
16.96 -0.0273917
16.98 -0.0268572
17 -0.0263163
17.02 -0.0257693
17.04 -0.0252164
17.06 -0.0246578
17.08 -0.024094
17.1 -0.023525
17.12 -0.0229512
17.14 -0.0223729
17.16 -0.0217902
17.18 -0.0212036
17.2 -0.0206132
17.22 -0.0200193
17.24 -0.0194221
17.26 -0.018822
17.28 -0.0182192
17.3 -0.017614
17.32 -0.0170065
17.34 -0.0163972
17.36 -0.0157861
17.38 -0.0151737
17.4 -0.01456
17.42 -0.0139455
17.44 -0.0133303
17.46 -0.0127148
17.48 -0.012099
17.5 -0.0114833
17.52 -0.010868
17.54 -0.0102533
17.56 -0.0096393
17.58 -0.0090264
17.6 -0.00841478
17.62 -0.00780467
17.64 -0.00719631
17.66 -0.00658992
17.68 -0.00598573
17.7 -0.00538396
17.72 -0.00478483
17.74 -0.00418856
17.76 -0.00359535
17.78 -0.00300543
17.8 -0.00241899
17.82 -0.00183625
17.84 -0.00125741
17.86 -0.000682659
17.88 -0.000112201
17.9 0.000453775
17.92 0.00101508
17.94 0.00157152
17.96 0.00212293
17.98 0.00266912
18 0.00320991
18.02 0.00374514
18.04 0.00427463
18.06 0.00479823
18.08 0.00531576
18.1 0.00582708
18.12 0.00633203
18.14 0.00683046
18.16 0.00732222
18.18 0.00780717
18.2 0.00828518
18.22 0.0087561
18.24 0.00921981
18.26 0.00967619
18.28 0.0101251
18.3 0.0105664
18.32 0.0110001
18.34 0.0114259
18.36 0.0118438
18.38 0.0122537
18.4 0.0126555
18.42 0.0130491
18.44 0.0134343
18.46 0.0138112
18.48 0.0141796
18.5 0.0145395
18.52 0.0148907
18.54 0.0152333
18.56 0.015567
18.58 0.015892
18.6 0.016208
18.62 0.0165152
18.64 0.0168133
18.66 0.0171024
18.68 0.0173824
18.7 0.0176533
18.72 0.017915
18.74 0.0181676
18.76 0.0184109
18.78 0.018645
18.8 0.0188698
18.82 0.0190854
18.84 0.0192917
18.86 0.0194887
18.88 0.0196764
18.9 0.0198548
18.92 0.0200239
18.94 0.0201837
18.96 0.0203342
18.98 0.0204755
19 0.0206075
19.02 0.0207303
19.04 0.0208439
19.06 0.0209484
19.08 0.0210436
19.1 0.0211298
19.12 0.0212069
19.14 0.021275
19.16 0.0213341
19.18 0.0213843
19.2 0.0214256
19.22 0.021458
19.24 0.0214817
19.26 0.0214967
19.28 0.021503
19.3 0.0215007
19.32 0.0214899
19.34 0.0214707
19.36 0.0214431
19.38 0.0214072
19.4 0.0213631
19.42 0.0213109
19.44 0.0212507
19.46 0.0211825
19.48 0.0211064
19.5 0.0210225
19.52 0.020931
19.54 0.0208319
19.56 0.0207253
19.58 0.0206113
19.6 0.0204901
19.62 0.0203617
19.64 0.0202262
19.66 0.0200838
19.68 0.0199345
19.7 0.0197785
19.72 0.0196159
19.74 0.0194469
19.76 0.0192714
19.78 0.0190897
19.8 0.0189018
19.82 0.018708
19.84 0.0185082
19.86 0.0183027
19.88 0.0180916
19.9 0.0178749
19.92 0.0176529
19.94 0.0174256
19.96 0.0171933
19.98 0.0169559
20 0.0167137
20.02 0.0164668
20.04 0.0162153
20.06 0.0159594
20.08 0.0156992
20.1 0.0154348
20.12 0.0151664
20.14 0.0148941
20.16 0.0146181
20.18 0.0143384
20.2 0.0140553
20.22 0.0137688
20.24 0.0134792
20.26 0.0131865
20.28 0.0128908
20.3 0.0125925
20.32 0.0122915
20.34 0.011988
20.36 0.0116821
20.38 0.0113741
20.4 0.0110639
20.42 0.0107519
20.44 0.010438
20.46 0.0101225
20.48 0.00980554
20.5 0.00948716
20.52 0.00916754
20.54 0.00884682
20.56 0.00852514
20.58 0.00820262
20.6 0.00787941
20.62 0.00755564
20.64 0.00723144
20.66 0.00690694
20.68 0.00658228
20.7 0.00625758
20.72 0.00593297
20.74 0.00560859
20.76 0.00528456
20.78 0.004961
20.8 0.00463804
20.82 0.0043158
20.84 0.00399441
20.86 0.00367398
20.88 0.00335464
20.9 0.0030365
20.92 0.00271968
20.94 0.0024043
20.96 0.00209047
20.98 0.00177829
21 0.00146789
21.02 0.00115937
21.04 0.00085284
21.06 0.000548402
21.08 0.000246164
21.1 -5.37742e-05
21.12 -0.00035131
21.14 -0.000646345
21.16 -0.000938782
21.18 -0.00122853
21.2 -0.00151548
21.22 -0.00179956
21.24 -0.00208067
21.26 -0.00235872
21.28 -0.00263363
21.3 -0.00290531
21.32 -0.00317369
21.34 -0.00343867
21.36 -0.00370019
21.38 -0.00395816
21.4 -0.00421252
21.42 -0.00446318
21.44 -0.00471008
21.46 -0.00495316
21.48 -0.00519234
21.5 -0.00542756
21.52 -0.00565876
21.54 -0.00588588
21.56 -0.00610887
21.58 -0.00632765
21.6 -0.0065422
21.62 -0.00675244
21.64 -0.00695833
21.66 -0.00715983
21.68 -0.00735689
21.7 -0.00754947
21.72 -0.00773752
21.74 -0.007921
21.76 -0.00809989
21.78 -0.00827415
21.8 -0.00844374
21.82 -0.00860863
21.84 -0.00876879
21.86 -0.00892421
21.88 -0.00907485
21.9 -0.0092207
21.92 -0.00936172
21.94 -0.00949792
21.96 -0.00962926
21.98 -0.00975574
22 -0.00987735
22.02 -0.00999407
22.04 -0.0101059
22.06 -0.0102128
22.08 -0.0103149
22.1 -0.010412
22.12 -0.0105042
22.14 -0.0105915
22.16 -0.010674
22.18 -0.0107515
22.2 -0.0108241
22.22 -0.0108919
22.24 -0.0109549
22.26 -0.0110129
22.28 -0.0110662
22.3 -0.0111146
22.32 -0.0111582
22.34 -0.0111971
22.36 -0.0112312
22.38 -0.0112606
22.4 -0.0112853
22.42 -0.0113053
22.44 -0.0113207
22.46 -0.0113314
22.48 -0.0113376
22.5 -0.0113392
22.52 -0.0113363
22.54 -0.0113289
22.56 -0.0113171
22.58 -0.0113009
22.6 -0.0112804
22.62 -0.0112555
22.64 -0.0112263
22.66 -0.011193
22.68 -0.0111554
22.7 -0.0111138
22.72 -0.011068
22.74 -0.0110182
22.76 -0.0109645
22.78 -0.0109068
22.8 -0.0108452
22.82 -0.0107799
22.84 -0.0107107
22.86 -0.0106379
22.88 -0.0105614
22.9 -0.0104814
22.92 -0.0103978
22.94 -0.0103108
22.96 -0.0102203
22.98 -0.0101265
23 -0.0100295
23.02 -0.00992923
23.04 -0.00982582
23.06 -0.00971933
23.08 -0.00960983
23.1 -0.00949739
23.12 -0.00938207
23.14 -0.00926394
23.16 -0.00914307
23.18 -0.00901954
23.2 -0.00889341
23.22 -0.00876474
23.24 -0.00863363
23.26 -0.00850012
23.28 -0.0083643
23.3 -0.00822624
23.32 -0.00808602
23.34 -0.00794369
23.36 -0.00779935
23.38 -0.00765305
23.4 -0.00750488
23.42 -0.00735491
23.44 -0.0072032
23.46 -0.00704985
23.48 -0.00689491
23.5 -0.00673847
23.52 -0.00658059
23.54 -0.00642136
23.56 -0.00626084
23.58 -0.00609911
23.6 -0.00593625
23.62 -0.00577232
23.64 -0.0056074
23.66 -0.00544156
23.68 -0.00527489
23.7 -0.00510744
23.72 -0.00493929
23.74 -0.00477052
23.76 -0.0046012
23.78 -0.00443139
23.8 -0.00426117
23.82 -0.00409061
23.84 -0.00391979
23.86 -0.00374876
23.88 -0.0035776
23.9 -0.00340638
23.92 -0.00323517
23.94 -0.00306403
23.96 -0.00289304
23.98 -0.00272225
24 -0.00255174
24.02 -0.00238157
24.04 -0.00221181
24.06 -0.00204252
24.08 -0.00187376
24.1 -0.00170559
24.12 -0.00153808
24.14 -0.00137129
24.16 -0.00120529
24.18 -0.00104012
24.2 -0.000875844
24.22 -0.000712529
24.24 -0.000550227
24.26 -0.000388995
24.28 -0.000228888
24.3 -6.99607e-05
24.32 8.77328e-05
24.34 0.00024414
24.36 0.000399209
24.38 0.000552889
24.4 0.000705129
24.42 0.000855882
24.44 0.0010051
24.46 0.00115273
24.48 0.00129874
24.5 0.00144307
24.52 0.00158568
24.54 0.00172653
24.56 0.00186558
24.58 0.00200278
24.6 0.0021381
24.62 0.0022715
24.64 0.00240294
24.66 0.00253238
24.68 0.00265979
24.7 0.00278513
24.72 0.00290837
24.74 0.00302948
24.76 0.00314843
24.78 0.00326518
24.8 0.00337971
24.82 0.003492
24.84 0.003602
24.86 0.0037097
24.88 0.00381508
24.9 0.0039181
24.92 0.00401875
24.94 0.00411701
24.96 0.00421286
24.98 0.00430627
25 0.00439723
25.02 0.00448573
25.04 0.00457174
25.06 0.00465526
25.08 0.00473626
25.1 0.00481475
25.12 0.0048907
25.14 0.0049641
25.16 0.00503496
25.18 0.00510325
25.2 0.00516898
25.22 0.00523213
25.24 0.00529271
25.26 0.0053507
25.28 0.00540611
25.3 0.00545894
25.32 0.00550918
25.34 0.00555684
25.36 0.00560191
25.38 0.0056444
25.4 0.00568432
25.42 0.00572166
25.44 0.00575644
25.46 0.00578865
25.48 0.00581832
25.5 0.00584544
25.52 0.00587002
25.54 0.00589208
25.56 0.00591162
25.58 0.00592867
25.6 0.00594323
25.62 0.00595531
25.64 0.00596493
25.66 0.00597211
25.68 0.00597687
25.7 0.00597921
25.72 0.00597917
25.74 0.00597675
25.76 0.00597197
25.78 0.00596487
25.8 0.00595546
25.82 0.00594375
25.84 0.00592978
25.86 0.00591357
25.88 0.00589514
25.9 0.00587452
25.92 0.00585173
25.94 0.0058268
25.96 0.00579976
25.98 0.00577062
26 0.00573943
26.02 0.00570621
26.04 0.00567099
26.06 0.0056338
26.08 0.00559467
26.1 0.00555362
26.12 0.0055107
26.14 0.00546594
26.16 0.00541936
26.18 0.005371
26.2 0.00532089
26.22 0.00526906
26.24 0.00521556
26.26 0.00516041
26.28 0.00510366
26.3 0.00504533
26.32 0.00498545
26.34 0.00492408
26.36 0.00486124
26.38 0.00479697
26.4 0.0047313
26.42 0.00466428
26.44 0.00459594
26.46 0.00452632
26.48 0.00445545
26.5 0.00438338
26.52 0.00431014
26.54 0.00423578
26.56 0.00416032
26.58 0.00408381
26.6 0.00400628
26.62 0.00392779
26.64 0.00384835
26.66 0.00376802
26.68 0.00368683
26.7 0.00360483
26.72 0.00352204
26.74 0.00343851
26.76 0.00335428
26.78 0.00326939
26.8 0.00318388
26.82 0.00309778
26.84 0.00301113
26.86 0.00292398
26.88 0.00283636
26.9 0.00274831
26.92 0.00265986
26.94 0.00257107
26.96 0.00248195
26.98 0.00239256
27 0.00230293
27.02 0.0022131
27.04 0.0021231
27.06 0.00203298
27.08 0.00194276
27.1 0.00185249
27.12 0.0017622
27.14 0.00167192
27.16 0.0015817
27.18 0.00149157
27.2 0.00140156
27.22 0.00131171
27.24 0.00122205
27.26 0.00113262
27.28 0.00104345
27.3 0.00095457
27.32 0.000866019
27.34 0.000777827
27.36 0.000690027
27.38 0.000602649
27.4 0.000515726
27.42 0.000429288
27.44 0.000343365
27.46 0.000257988
27.48 0.000173187
27.5 8.89897e-05
27.52 5.42532e-06
27.54 -7.7478e-05
27.56 -0.000159693
27.58 -0.000241191
27.6 -0.000321947
27.62 -0.000401935
27.64 -0.000481128
27.66 -0.000559502
27.68 -0.000637032
27.7 -0.000713693
27.72 -0.000789463
27.74 -0.000864318
27.76 -0.000938237
27.78 -0.0010112
27.8 -0.00108317
27.82 -0.00115415
27.84 -0.00122411
27.86 -0.00129303
27.88 -0.00136088
27.9 -0.00142766
27.92 -0.00149334
27.94 -0.0015579
27.96 -0.00162134
27.98 -0.00168363
28 -0.00174476
28.02 -0.00180471
28.04 -0.00186346
28.06 -0.00192101
28.08 -0.00197735
28.1 -0.00203245
28.12 -0.0020863
28.14 -0.00213891
28.16 -0.00219024
28.18 -0.0022403
28.2 -0.00228907
28.22 -0.00233655
28.24 -0.00238272
28.26 -0.00242758
28.28 -0.00247112
28.3 -0.00251334
28.32 -0.00255422
28.34 -0.00259377
28.36 -0.00263197
28.38 -0.00266882
28.4 -0.00270433
28.42 -0.00273847
28.44 -0.00277126
28.46 -0.00280269
28.48 -0.00283276
28.5 -0.00286147
28.52 -0.00288881
28.54 -0.00291479
28.56 -0.00293941
28.58 -0.00296266
28.6 -0.00298455
28.62 -0.00300509
28.64 -0.00302427
28.66 -0.0030421
28.68 -0.00305858
28.7 -0.00307371
28.72 -0.00308751
28.74 -0.00309997
28.76 -0.0031111
28.78 -0.00312091
28.8 -0.0031294
28.82 -0.00313658
28.84 -0.00314247
28.86 -0.00314705
28.88 -0.00315036
28.9 -0.00315238
28.92 -0.00315314
28.94 -0.00315264
28.96 -0.0031509
28.98 -0.00314792
29 -0.00314371
29.02 -0.00313829
29.04 -0.00313166
29.06 -0.00312385
29.08 -0.00311486
29.1 -0.0031047
29.12 -0.00309339
29.14 -0.00308095
29.16 -0.00306738
29.18 -0.0030527
29.2 -0.00303693
29.22 -0.00302007
29.24 -0.00300215
29.26 -0.00298319
29.28 -0.00296319
29.3 -0.00294217
29.32 -0.00292015
29.34 -0.00289715
29.36 -0.00287318
29.38 -0.00284826
29.4 -0.00282241
29.42 -0.00279564
29.44 -0.00276797
29.46 -0.00273943
29.48 -0.00271003
29.5 -0.00267978
29.52 -0.00264872
29.54 -0.00261684
29.56 -0.00258418
29.58 -0.00255076
29.6 -0.00251659
29.62 -0.00248169
29.64 -0.00244608
29.66 -0.00240979
29.68 -0.00237282
29.7 -0.00233521
29.72 -0.00229697
29.74 -0.00225812
29.76 -0.00221869
29.78 -0.00217868
29.8 -0.00213813
29.82 -0.00209706
29.84 -0.00205547
29.86 -0.00201341
29.88 -0.00197087
29.9 -0.00192789
29.92 -0.00188449
29.94 -0.00184069
29.96 -0.0017965
29.98 -0.00175195
30 -0.00170706
30.02 -0.00166184
30.04 -0.00161633
30.06 -0.00157054
30.08 -0.00152448
30.1 -0.00147819
30.12 -0.00143168
30.14 -0.00138496
30.16 -0.00133807
30.18 -0.00129103
30.2 -0.00124384
30.22 -0.00119653
30.24 -0.00114912
30.26 -0.00110164
30.28 -0.00105409
30.3 -0.0010065
30.32 -0.000958895
30.34 -0.000911283
30.36 -0.000863688
30.38 -0.000816127
30.4 -0.00076862
30.42 -0.000721185
30.44 -0.000673841
30.46 -0.000626605
30.48 -0.000579495
30.5 -0.000532528
30.52 -0.000485724
30.54 -0.000439098
30.56 -0.000392668
30.58 -0.00034645
30.6 -0.000300462
30.62 -0.00025472
30.64 -0.000209239
30.66 -0.000164037
30.68 -0.000119128
30.7 -7.45285e-05
30.72 -3.02532e-05
30.74 1.36827e-05
30.76 5.72645e-05
30.78 0.000100478
30.8 0.000143308
30.82 0.000185742
30.84 0.000227765
30.86 0.000269364
30.88 0.000310526
30.9 0.000351238
30.92 0.000391488
30.94 0.000431263
30.96 0.000470551
30.98 0.00050934
31 0.00054762
31.02 0.000585379
31.04 0.000622605
31.06 0.000659289
31.08 0.00069542
31.1 0.000730989
31.12 0.000765985
31.14 0.000800399
31.16 0.000834223
31.18 0.000867447
31.2 0.000900064
31.22 0.000932064
31.24 0.00096344
31.26 0.000994186
31.28 0.00102429
31.3 0.00105375
31.32 0.00108256
31.34 0.00111071
31.36 0.0011382
31.38 0.00116502
31.4 0.00119116
31.42 0.00121662
31.44 0.0012414
31.46 0.00126549
31.48 0.00128888
31.5 0.00131158
31.52 0.00133357
31.54 0.00135487
31.56 0.00137545
31.58 0.00139533
31.6 0.00141449
31.62 0.00143295
31.64 0.00145068
31.66 0.0014677
31.68 0.00148401
31.7 0.00149959
31.72 0.00151446
31.74 0.0015286
31.76 0.00154203
31.78 0.00155474
31.8 0.00156673
31.82 0.00157801
31.84 0.00158857
31.86 0.00159841
31.88 0.00160755
31.9 0.00161597
31.92 0.00162368
31.94 0.00163069
31.96 0.001637
31.98 0.0016426
32 0.00164751
32.02 0.00165173
32.04 0.00165526
32.06 0.0016581
32.08 0.00166026
32.1 0.00166175
32.12 0.00166257
32.14 0.00166272
32.16 0.0016622
32.18 0.00166104
32.2 0.00165922
32.22 0.00165676
32.24 0.00165366
32.26 0.00164993
32.28 0.00164557
32.3 0.0016406
32.32 0.00163501
32.34 0.00162882
32.36 0.00162204
32.38 0.00161466
32.4 0.0016067
32.42 0.00159817
32.44 0.00158907
32.46 0.00157941
32.48 0.0015692
32.5 0.00155845
32.52 0.00154716
32.54 0.00153536
32.56 0.00152303
32.58 0.0015102
32.6 0.00149688
32.62 0.00148306
32.64 0.00146877
32.66 0.001454
32.68 0.00143878
32.7 0.0014231
32.72 0.00140699
32.74 0.00139044
32.76 0.00137348
32.78 0.0013561
32.8 0.00133833
32.82 0.00132016
32.84 0.00130162
32.86 0.0012827
32.88 0.00126343
32.9 0.00124381
32.92 0.00122385
32.94 0.00120356
32.96 0.00118296
32.98 0.00116205
33 0.00114084
33.02 0.00111935
33.04 0.00109759
33.06 0.00107556
33.08 0.00105329
33.1 0.00103077
33.12 0.00100802
33.14 0.000985049
33.16 0.000961872
33.18 0.000938497
33.2 0.000914935
33.22 0.000891197
33.24 0.000867294
33.26 0.000843236
33.28 0.000819035
33.3 0.0007947
33.32 0.000770244
33.34 0.000745676
33.36 0.000721007
33.38 0.000696247
33.4 0.000671408
33.42 0.0006465
33.44 0.000621532
33.46 0.000596517
33.48 0.000571463
33.5 0.000546381
33.52 0.000521281
33.54 0.000496174
33.56 0.000471069
33.58 0.000445976
33.6 0.000420906
33.62 0.000395868
33.64 0.000370871
33.66 0.000345925
33.68 0.00032104
33.7 0.000296225
33.72 0.00027149
33.74 0.000246843
33.76 0.000222294
33.78 0.000197851
33.8 0.000173524
33.82 0.000149321
33.84 0.000125251
33.86 0.000101322
33.88 7.75434e-05
33.9 5.39224e-05
33.92 3.04674e-05
33.94 7.18642e-06
33.96 -1.59126e-05
33.98 -3.8822e-05
34 -6.15341e-05
34.02 -8.40416e-05
34.04 -0.000106337
34.06 -0.000128413
34.08 -0.000150264
34.1 -0.000171881
34.12 -0.000193258
34.14 -0.000214389
34.16 -0.000235267
34.18 -0.000255887
34.2 -0.000276241
34.22 -0.000296323
34.24 -0.000316129
34.26 -0.000335653
34.28 -0.000354888
34.3 -0.000373829
34.32 -0.000392472
34.34 -0.000410811
34.36 -0.000428842
34.38 -0.000446559
34.4 -0.000463959
34.42 -0.000481036
34.44 -0.000497787
34.46 -0.000514208
34.48 -0.000530294
34.5 -0.000546042
34.52 -0.000561448
34.54 -0.000576509
34.56 -0.000591222
34.58 -0.000605584
34.6 -0.000619591
34.62 -0.000633241
34.64 -0.000646532
34.66 -0.00065946
34.68 -0.000672025
34.7 -0.000684222
34.72 -0.000696052
34.74 -0.000707511
34.76 -0.000718599
34.78 -0.000729314
34.8 -0.000739654
34.82 -0.000749618
34.84 -0.000759206
34.86 -0.000768417
34.88 -0.00077725
34.9 -0.000785704
34.92 -0.000793779
34.94 -0.000801475
34.96 -0.000808792
34.98 -0.00081573
35 -0.000822289
35.02 -0.00082847
35.04 -0.000834273
35.06 -0.000839699
35.08 -0.000844749
35.1 -0.000849423
35.12 -0.000853723
35.14 -0.00085765
35.16 -0.000861206
35.18 -0.000864392
35.2 -0.000867209
35.22 -0.00086966
35.24 -0.000871747
35.26 -0.000873471
35.28 -0.000874835
35.3 -0.00087584
35.32 -0.00087649
35.34 -0.000876787
35.36 -0.000876734
35.38 -0.000876334
35.4 -0.000875589
35.42 -0.000874502
35.44 -0.000873077
35.46 -0.000871316
35.48 -0.000869224
35.5 -0.000866804
35.52 -0.000864059
35.54 -0.000860993
35.56 -0.000857609
35.58 -0.000853912
35.6 -0.000849905
35.62 -0.000845593
35.64 -0.00084098
35.66 -0.00083607
35.68 -0.000830866
35.7 -0.000825375
35.72 -0.000819599
35.74 -0.000813544
35.76 -0.000807214
35.78 -0.000800614
35.8 -0.000793749
35.82 -0.000786623
35.84 -0.000779242
35.86 -0.00077161
35.88 -0.000763733
35.9 -0.000755614
35.92 -0.000747261
35.94 -0.000738677
35.96 -0.000729868
35.98 -0.00072084
36 -0.000711597
36.02 -0.000702145
36.04 -0.00069249
36.06 -0.000682636
36.08 -0.00067259
36.1 -0.000662356
36.12 -0.000651941
36.14 -0.00064135
36.16 -0.000630588
36.18 -0.000619662
36.2 -0.000608576
36.22 -0.000597337
36.24 -0.00058595
36.26 -0.000574421
36.28 -0.000562755
36.3 -0.000550959
36.32 -0.000539037
36.34 -0.000526997
36.36 -0.000514842
36.38 -0.00050258
36.4 -0.000490216
36.42 -0.000477756
36.44 -0.000465204
36.46 -0.000452568
36.48 -0.000439853
36.5 -0.000427064
36.52 -0.000414206
36.54 -0.000401287
36.56 -0.000388311
36.58 -0.000375283
36.6 -0.000362211
36.62 -0.000349098
36.64 -0.000335951
36.66 -0.000322774
36.68 -0.000309575
36.7 -0.000296357
36.72 -0.000283126
36.74 -0.000269888
36.76 -0.000256649
36.78 -0.000243412
36.8 -0.000230184
36.82 -0.000216969
36.84 -0.000203773
36.86 -0.000190601
36.88 -0.000177458
36.9 -0.000164349
36.92 -0.000151279
36.94 -0.000138252
36.96 -0.000125274
36.98 -0.000112349
37 -9.94826e-05
37.02 -8.66785e-05
37.04 -7.39415e-05
37.06 -6.12764e-05
37.08 -4.86874e-05
37.1 -3.6179e-05
37.12 -2.37555e-05
37.14 -1.14212e-05
37.16 8.19759e-07
37.18 1.29632e-05
37.2 2.50052e-05
37.22 3.69416e-05
37.24 4.87687e-05
37.26 6.04826e-05
37.28 7.20794e-05
37.3 8.35557e-05
37.32 9.49077e-05
37.34 0.000106132
37.36 0.000117225
37.38 0.000128183
37.4 0.000139004
37.42 0.000149684
37.44 0.000160219
37.46 0.000170607
37.48 0.000180846
37.5 0.000190931
37.52 0.00020086
37.54 0.000210631
37.56 0.00022024
37.58 0.000229686
37.6 0.000238966
37.62 0.000248078
37.64 0.000257018
37.66 0.000265786
37.68 0.000274379
37.7 0.000282794
37.72 0.000291031
37.74 0.000299086
37.76 0.000306959
37.78 0.000314648
37.8 0.000322151
37.82 0.000329467
37.84 0.000336593
37.86 0.00034353
37.88 0.000350275
37.9 0.000356828
37.92 0.000363187
37.94 0.000369351
37.96 0.00037532
37.98 0.000381093
38 0.000386669
38.02 0.000392046
38.04 0.000397226
38.06 0.000402207
38.08 0.000406989
38.1 0.000411571
38.12 0.000415954
38.14 0.000420137
38.16 0.00042412
38.18 0.000427903
38.2 0.000431486
38.22 0.000434869
38.24 0.000438053
38.26 0.000441038
38.28 0.000443825
38.3 0.000446413
38.32 0.000448803
38.34 0.000450996
38.36 0.000452993
38.38 0.000454795
38.4 0.000456401
38.42 0.000457814
38.44 0.000459034
38.46 0.000460062
38.48 0.000460899
38.5 0.000461546
38.52 0.000462006
38.54 0.000462278
38.56 0.000462365
38.58 0.000462268
38.6 0.000461988
38.62 0.000461527
38.64 0.000460886
38.66 0.000460068
38.68 0.000459073
38.7 0.000457904
38.72 0.000456563
38.74 0.000455051
38.76 0.000453371
38.78 0.000451524
38.8 0.000449513
38.82 0.000447339
38.84 0.000445005
38.86 0.000442513
38.88 0.000439865
38.9 0.000437063
38.92 0.00043411
38.94 0.000431009
38.96 0.000427761
38.98 0.000424369
39 0.000420836
39.02 0.000417163
39.04 0.000413354
39.06 0.000409412
39.08 0.000405338
39.1 0.000401136
39.12 0.000396808
39.14 0.000392357
39.16 0.000387785
39.18 0.000383096
39.2 0.000378292
39.22 0.000373376
39.24 0.000368351
39.26 0.000363219
39.28 0.000357985
39.3 0.000352649
39.32 0.000347216
39.34 0.000341689
39.36 0.00033607
39.38 0.000330361
39.4 0.000324568
39.42 0.000318691
39.44 0.000312734
39.46 0.000306701
39.48 0.000300594
39.5 0.000294416
39.52 0.00028817
39.54 0.00028186
39.56 0.000275487
39.58 0.000269056
39.6 0.000262569
39.62 0.00025603
39.64 0.000249441
39.66 0.000242805
39.68 0.000236125
39.7 0.000229405
39.72 0.000222647
39.74 0.000215854
39.76 0.00020903
39.78 0.000202177
39.8 0.000195298
39.82 0.000188396
39.84 0.000181474
39.86 0.000174535
39.88 0.000167582
39.9 0.000160617
39.92 0.000153644
39.94 0.000146666
39.96 0.000139684
39.98 0.000132703
